@class: format(){
    //Output_at: (time, from:, 0, to:, 10, steps:, 100 )
  // @PHREEQCOutput: chemistry1.inp

//Var: 	 I                       	 I.calc                  	 Ca+2.logact             	 F-.logact               	 Na+.logact              	 SO4-2.logact            	 SO4-2.logact            	 Fluorite[s].con         	 Gypsum[s].con           	
//Data:	 0.0                     	 2.36358748e-2           	-2.39320814              	-4.10339593              	-3.00000000              	-2.18679186              	-2.18679186              	 2.46059294e-3           	 3.49558661e-3           	

}

@format()

// The column headers in this file can be edited and determine the output for the next run.
Var: 	pH                       	CO2[g].con               	Calcite[s].si            	CO2[g].logact            	Anhydrite[s].si          	Aragonite[s].si          	Calcite[s].si            	Dolomite[s].si           	Fluorite[s].si           	Gypsum[s].si             	1                        	-4.23345785              	-22.3772939              	-15.2854569              	-19.5076448              	-17.6780770              	-76.5235804              	-20.7187793              	-13.1457422              	-6.06177833              	-3.43967744              	-4.99145828              	-11.5308963              	4.19116600e-1            	-3.92796411e-1           	-12.1271131              	-14.3607704              	-12.1737825              	-24.0436059              	-18.5836059              	-27.3636059              	-33.2393822              	-2.50873746              	-5.77276895              	-15.0187785              	-8.81586417              	-12.2103497              	-60.2755439              	-13.8189591              	-7.48512479              	-5.59889494              	-11.8312019              	-3.39011242              	-4.59740014              	-10.1058107              	-11.1733939              	-11.6850110              	-12.3805910              	-10.7572463              	-8.32165349              	-7.49734455              	-50.2409621              	-9.71953605              	-13.1729109              	-17.6445619              	-1.71687733e-2           	
Data:	 7.32000000              	 1.22517532e-2           	 3.69628220e-1           	-1.91180176              	-1.11777050              	 1.99696659e-1           	 3.69628220e-1           	 3.19691540e-1           	-7.86416854e-1           	-9.40806977e-1           	 1.11111111e-111         	 1.11111111e-111         	 1.11111111e-111         	 1.11111111e-111         	 1.11111111e-111         	 1.11111111e-111         	 1.11111111e-111         	 1.11111111e-111         	 1.11111111e-111         	 1.11111111e-111         	 1.11111111e-111         	 1.11111111e-111         	 1.11111111e-111         	 1.11111111e-111         	 1.11111111e-111         	 1.11111111e-111         	 1.11111111e-111         	 1.11111111e-111         	 1.11111111e-111         	 1.11111111e-111         	 1.11111111e-111         	 1.11111111e-111         	 1.11111111e-111         	 1.11111111e-111         	 1.11111111e-111         	 1.11111111e-111         	 1.11111111e-111         	 1.11111111e-111         	 1.11111111e-111         	 1.11111111e-111         	 1.11111111e-111         	 1.11111111e-111         	 1.11111111e-111         	 1.11111111e-111         	 1.11111111e-111         	 1.11111111e-111         	 1.11111111e-111         	 1.11111111e-111         	 1.11111111e-111         	 1.11111111e-111         	 1.11111111e-111         	 1.11111111e-111         	 1.11111111e-111         	 1.11111111e-111         	 1.11111111e-111         	 1.11111111e-111         	
Data:	 7.23000000              	 1.52246733e-2           	 2.91406154e-1           	-1.81745202              	-1.10233621              	 1.21445223e-1           	 2.91406154e-1           	 2.00254857e-1           	-7.06493041e-1           	-9.28361062e-1           	 1.11111111e-111         	 1.11111111e-111         	 1.11111111e-111         	 1.11111111e-111         	 1.11111111e-111         	 1.11111111e-111         	 1.11111111e-111         	 1.11111111e-111         	 1.11111111e-111         	 1.11111111e-111         	 1.11111111e-111         	 1.11111111e-111         	 1.11111111e-111         	 1.11111111e-111         	 1.11111111e-111         	 1.11111111e-111         	 1.11111111e-111         	 1.11111111e-111         	 1.11111111e-111         	 1.11111111e-111         	 1.11111111e-111         	 1.11111111e-111         	 1.11111111e-111         	 1.11111111e-111         	 1.11111111e-111         	 1.11111111e-111         	 1.11111111e-111         	 1.11111111e-111         	 1.11111111e-111         	 1.11111111e-111         	 1.11111111e-111         	 1.11111111e-111         	 1.11111111e-111         	 1.11111111e-111         	 1.11111111e-111         	 1.11111111e-111         	 1.11111111e-111         	 1.11111111e-111         	 1.11111111e-111         	 1.11111111e-111         	 1.11111111e-111         	 1.11111111e-111         	 1.11111111e-111         	 1.11111111e-111         	 1.11111111e-111         	 1.11111111e-111         	
Data:	 7.20000000              	 1.61799706e-2           	 2.60289572e-1           	-1.79102227              	-1.09130510              	 9.03188642e-2           	 2.60289572e-1           	 1.07497303e-1           	-7.04151771e-1           	-9.18324743e-1           	 1.11111111e-111         	 1.11111111e-111         	 1.11111111e-111         	 1.11111111e-111         	 1.11111111e-111         	 1.11111111e-111         	 1.11111111e-111         	 1.11111111e-111         	 1.11111111e-111         	 1.11111111e-111         	 1.11111111e-111         	 1.11111111e-111         	 1.11111111e-111         	 1.11111111e-111         	 1.11111111e-111         	 1.11111111e-111         	 1.11111111e-111         	 1.11111111e-111         	 1.11111111e-111         	 1.11111111e-111         	 1.11111111e-111         	 1.11111111e-111         	 1.11111111e-111         	 1.11111111e-111         	 1.11111111e-111         	 1.11111111e-111         	 1.11111111e-111         	 1.11111111e-111         	 1.11111111e-111         	 1.11111111e-111         	 1.11111111e-111         	 1.11111111e-111         	 1.11111111e-111         	 1.11111111e-111         	 1.11111111e-111         	 1.11111111e-111         	 1.11111111e-111         	 1.11111111e-111         	 1.11111111e-111         	 1.11111111e-111         	 1.11111111e-111         	 1.11111111e-111         	 1.11111111e-111         	 1.11111111e-111         	 1.11111111e-111         	 1.11111111e-111         	
Data:	 7.24000000              	 1.45746587e-2           	 2.93055317e-1           	-1.83640161              	-1.11219343              	 1.23123757e-1           	 2.93055317e-1           	 1.68641806e-1           	-6.96812452e-1           	-9.35229907e-1           	 1.11111111e-111         	 1.11111111e-111         	 1.11111111e-111         	 1.11111111e-111         	 1.11111111e-111         	 1.11111111e-111         	 1.11111111e-111         	 1.11111111e-111         	 1.11111111e-111         	 1.11111111e-111         	 1.11111111e-111         	 1.11111111e-111         	 1.11111111e-111         	 1.11111111e-111         	 1.11111111e-111         	 1.11111111e-111         	 1.11111111e-111         	 1.11111111e-111         	 1.11111111e-111         	 1.11111111e-111         	 1.11111111e-111         	 1.11111111e-111         	 1.11111111e-111         	 1.11111111e-111         	 1.11111111e-111         	 1.11111111e-111         	 1.11111111e-111         	 1.11111111e-111         	 1.11111111e-111         	 1.11111111e-111         	 1.11111111e-111         	 1.11111111e-111         	 1.11111111e-111         	 1.11111111e-111         	 1.11111111e-111         	 1.11111111e-111         	 1.11111111e-111         	 1.11111111e-111         	 1.11111111e-111         	 1.11111111e-111         	 1.11111111e-111         	 1.11111111e-111         	 1.11111111e-111         	 1.11111111e-111         	 1.11111111e-111         	 1.11111111e-111         	
Data:	 7.43000000              	 9.75145763e-3           	 4.89787463e-1           	-2.01093046              	-1.11430490              	 3.19924665e-1           	 4.89787463e-1           	 5.59902395e-1           	-6.15535576e-1           	-9.30344998e-1           	 1.11111111e-111         	 1.11111111e-111         	 1.11111111e-111         	 1.11111111e-111         	 1.11111111e-111         	 1.11111111e-111         	 1.11111111e-111         	 1.11111111e-111         	 1.11111111e-111         	 1.11111111e-111         	 1.11111111e-111         	 1.11111111e-111         	 1.11111111e-111         	 1.11111111e-111         	 1.11111111e-111         	 1.11111111e-111         	 1.11111111e-111         	 1.11111111e-111         	 1.11111111e-111         	 1.11111111e-111         	 1.11111111e-111         	 1.11111111e-111         	 1.11111111e-111         	 1.11111111e-111         	 1.11111111e-111         	 1.11111111e-111         	 1.11111111e-111         	 1.11111111e-111         	 1.11111111e-111         	 1.11111111e-111         	 1.11111111e-111         	 1.11111111e-111         	 1.11111111e-111         	 1.11111111e-111         	 1.11111111e-111         	 1.11111111e-111         	 1.11111111e-111         	 1.11111111e-111         	 1.11111111e-111         	 1.11111111e-111         	 1.11111111e-111         	 1.11111111e-111         	 1.11111111e-111         	 1.11111111e-111         	 1.11111111e-111         	 1.11111111e-111         	
Data:	 7.79000000              	 4.22606762e-3           	 8.21311032e-1           	-2.37406356              	-1.14329036              	 6.51666472e-1           	 8.21311032e-1           	 1.20018131              	-5.92804805e-1           	-9.37125349e-1           	 1.11111111e-111         	 1.11111111e-111         	 1.11111111e-111         	 1.11111111e-111         	 1.11111111e-111         	 1.11111111e-111         	 1.11111111e-111         	 1.11111111e-111         	 1.11111111e-111         	 1.11111111e-111         	 1.11111111e-111         	 1.11111111e-111         	 1.11111111e-111         	 1.11111111e-111         	 1.11111111e-111         	 1.11111111e-111         	 1.11111111e-111         	 1.11111111e-111         	 1.11111111e-111         	 1.11111111e-111         	 1.11111111e-111         	 1.11111111e-111         	 1.11111111e-111         	 1.11111111e-111         	 1.11111111e-111         	 1.11111111e-111         	 1.11111111e-111         	 1.11111111e-111         	 1.11111111e-111         	 1.11111111e-111         	 1.11111111e-111         	 1.11111111e-111         	 1.11111111e-111         	 1.11111111e-111         	 1.11111111e-111         	 1.11111111e-111         	 1.11111111e-111         	 1.11111111e-111         	 1.11111111e-111         	 1.11111111e-111         	 1.11111111e-111         	 1.11111111e-111         	 1.11111111e-111         	 1.11111111e-111         	 1.11111111e-111         	 1.11111111e-111         	
Data:	 8.06000000              	 2.24500800e-3           	 1.07179913              	-2.64878211              	-1.16143989              	 9.02244790e-1           	 1.07179913              	 1.69302873              	-7.45457361e-1           	-9.46095078e-1           	 1.11111111e-111         	 1.11111111e-111         	 1.11111111e-111         	 1.11111111e-111         	 1.11111111e-111         	 1.11111111e-111         	 1.11111111e-111         	 1.11111111e-111         	 1.11111111e-111         	 1.11111111e-111         	 1.11111111e-111         	 1.11111111e-111         	 1.11111111e-111         	 1.11111111e-111         	 1.11111111e-111         	 1.11111111e-111         	 1.11111111e-111         	 1.11111111e-111         	 1.11111111e-111         	 1.11111111e-111         	 1.11111111e-111         	 1.11111111e-111         	 1.11111111e-111         	 1.11111111e-111         	 1.11111111e-111         	 1.11111111e-111         	 1.11111111e-111         	 1.11111111e-111         	 1.11111111e-111         	 1.11111111e-111         	 1.11111111e-111         	 1.11111111e-111         	 1.11111111e-111         	 1.11111111e-111         	 1.11111111e-111         	 1.11111111e-111         	 1.11111111e-111         	 1.11111111e-111         	 1.11111111e-111         	 1.11111111e-111         	 1.11111111e-111         	 1.11111111e-111         	 1.11111111e-111         	 1.11111111e-111         	 1.11111111e-111         	 1.11111111e-111         	
Data:	 8.27000000              	 1.21801331e-3           	 1.20817598              	-2.91434797              	-1.17256216              	 1.03870230              	 1.20817598              	 1.97736920              	-7.45273906e-1           	-9.49010156e-1           	 1.11111111e-111         	 1.11111111e-111         	 1.11111111e-111         	 1.11111111e-111         	 1.11111111e-111         	 1.11111111e-111         	 1.11111111e-111         	 1.11111111e-111         	 1.11111111e-111         	 1.11111111e-111         	 1.11111111e-111         	 1.11111111e-111         	 1.11111111e-111         	 1.11111111e-111         	 1.11111111e-111         	 1.11111111e-111         	 1.11111111e-111         	 1.11111111e-111         	 1.11111111e-111         	 1.11111111e-111         	 1.11111111e-111         	 1.11111111e-111         	 1.11111111e-111         	 1.11111111e-111         	 1.11111111e-111         	 1.11111111e-111         	 1.11111111e-111         	 1.11111111e-111         	 1.11111111e-111         	 1.11111111e-111         	 1.11111111e-111         	 1.11111111e-111         	 1.11111111e-111         	 1.11111111e-111         	 1.11111111e-111         	 1.11111111e-111         	 1.11111111e-111         	 1.11111111e-111         	 1.11111111e-111         	 1.11111111e-111         	 1.11111111e-111         	 1.11111111e-111         	 1.11111111e-111         	 1.11111111e-111         	 1.11111111e-111         	 1.11111111e-111         	
Data:	 8.28000000              	 1.16824365e-3           	 1.20255312              	-2.93246657              	-1.18254742              	 1.03308956              	 1.20255312              	 1.97168142              	-6.66976001e-1           	-9.57966358e-1           	 1.11111111e-111         	 1.11111111e-111         	 1.11111111e-111         	 1.11111111e-111         	 1.11111111e-111         	 1.11111111e-111         	 1.11111111e-111         	 1.11111111e-111         	 1.11111111e-111         	 1.11111111e-111         	 1.11111111e-111         	 1.11111111e-111         	 1.11111111e-111         	 1.11111111e-111         	 1.11111111e-111         	 1.11111111e-111         	 1.11111111e-111         	 1.11111111e-111         	 1.11111111e-111         	 1.11111111e-111         	 1.11111111e-111         	 1.11111111e-111         	 1.11111111e-111         	 1.11111111e-111         	 1.11111111e-111         	 1.11111111e-111         	 1.11111111e-111         	 1.11111111e-111         	 1.11111111e-111         	 1.11111111e-111         	 1.11111111e-111         	 1.11111111e-111         	 1.11111111e-111         	 1.11111111e-111         	 1.11111111e-111         	 1.11111111e-111         	 1.11111111e-111         	 1.11111111e-111         	 1.11111111e-111         	 1.11111111e-111         	 1.11111111e-111         	 1.11111111e-111         	 1.11111111e-111         	 1.11111111e-111         	 1.11111111e-111         	 1.11111111e-111         	
Data:	 8.37000000              	 9.00205394e-4           	 1.24226867              	-3.04565839              	-1.20693350              	 1.07292702              	 1.24226867              	 2.05975135              	-7.49527424e-1           	-9.69948742e-1           	 1.11111111e-111         	 1.11111111e-111         	 1.11111111e-111         	 1.11111111e-111         	 1.11111111e-111         	 1.11111111e-111         	 1.11111111e-111         	 1.11111111e-111         	 1.11111111e-111         	 1.11111111e-111         	 1.11111111e-111         	 1.11111111e-111         	 1.11111111e-111         	 1.11111111e-111         	 1.11111111e-111         	 1.11111111e-111         	 1.11111111e-111         	 1.11111111e-111         	 1.11111111e-111         	 1.11111111e-111         	 1.11111111e-111         	 1.11111111e-111         	 1.11111111e-111         	 1.11111111e-111         	 1.11111111e-111         	 1.11111111e-111         	 1.11111111e-111         	 1.11111111e-111         	 1.11111111e-111         	 1.11111111e-111         	 1.11111111e-111         	 1.11111111e-111         	 1.11111111e-111         	 1.11111111e-111         	 1.11111111e-111         	 1.11111111e-111         	 1.11111111e-111         	 1.11111111e-111         	 1.11111111e-111         	 1.11111111e-111         	 1.11111111e-111         	 1.11111111e-111         	 1.11111111e-111         	 1.11111111e-111         	 1.11111111e-111         	 1.11111111e-111         	
Data:	 8.25000000              	 9.08564443e-4           	 9.03332530e-1           	-3.04164426              	-1.35113017              	 7.34404582e-1           	 9.03332530e-1           	 1.35631798              	-1.06211773              	-1.07205206              	 1.11111111e-111         	 1.11111111e-111         	 1.11111111e-111         	 1.11111111e-111         	 1.11111111e-111         	 1.11111111e-111         	 1.11111111e-111         	 1.11111111e-111         	 1.11111111e-111         	 1.11111111e-111         	 1.11111111e-111         	 1.11111111e-111         	 1.11111111e-111         	 1.11111111e-111         	 1.11111111e-111         	 1.11111111e-111         	 1.11111111e-111         	 1.11111111e-111         	 1.11111111e-111         	 1.11111111e-111         	 1.11111111e-111         	 1.11111111e-111         	 1.11111111e-111         	 1.11111111e-111         	 1.11111111e-111         	 1.11111111e-111         	 1.11111111e-111         	 1.11111111e-111         	 1.11111111e-111         	 1.11111111e-111         	 1.11111111e-111         	 1.11111111e-111         	 1.11111111e-111         	 1.11111111e-111         	 1.11111111e-111         	 1.11111111e-111         	 1.11111111e-111         	 1.11111111e-111         	 1.11111111e-111         	 1.11111111e-111         	 1.11111111e-111         	 1.11111111e-111         	 1.11111111e-111         	 1.11111111e-111         	 1.11111111e-111         	 1.11111111e-111         	
Data:	 8.25000000              	 7.17895550e-4           	 1.70226436e-1           	-3.14393874              	-1.50552433              	 5.02888156e-1           	 1.70226436e-1           	 7.56371206e-1           	-8.57110013e-1           	-1.06470235              	 1.11111111e-111         	 1.11111111e-111         	 1.11111111e-111         	 1.11111111e-111         	 1.11111111e-111         	 1.11111111e-111         	 1.11111111e-111         	 1.11111111e-111         	 1.11111111e-111         	 1.11111111e-111         	 1.11111111e-111         	 1.11111111e-111         	 1.11111111e-111         	 1.11111111e-111         	 1.11111111e-111         	 1.11111111e-111         	 1.11111111e-111         	 1.11111111e-111         	 1.11111111e-111         	 1.11111111e-111         	 1.11111111e-111         	 1.11111111e-111         	 1.11111111e-111         	 1.11111111e-111         	 1.11111111e-111         	 1.11111111e-111         	 1.11111111e-111         	 1.11111111e-111         	 1.11111111e-111         	 1.11111111e-111         	 1.11111111e-111         	 1.11111111e-111         	 1.11111111e-111         	 1.11111111e-111         	 1.11111111e-111         	 1.11111111e-111         	 1.11111111e-111         	 1.11111111e-111         	 1.11111111e-111         	 1.11111111e-111         	 1.11111111e-111         	 1.11111111e-111         	 1.11111111e-111         	 1.11111111e-111         	 1.11111111e-111         	 1.11111111e-111         	
Data:	 6.98000000              	 1.76857948e-2           	-3.31612148e-1           	-1.75237542              	-1.51971181              	-5.01116123e-1           	-3.31612148e-1           	-1.08421705              	-1.44849338              	-1.29924275              	 1.11111111e-111         	 1.11111111e-111         	 1.11111111e-111         	 1.11111111e-111         	 1.11111111e-111         	 1.11111111e-111         	 1.11111111e-111         	 1.11111111e-111         	 1.11111111e-111         	 1.11111111e-111         	 1.11111111e-111         	 1.11111111e-111         	 1.11111111e-111         	 1.11111111e-111         	 1.11111111e-111         	 1.11111111e-111         	 1.11111111e-111         	 1.11111111e-111         	 1.11111111e-111         	 1.11111111e-111         	 1.11111111e-111         	 1.11111111e-111         	 1.11111111e-111         	 1.11111111e-111         	 1.11111111e-111         	 1.11111111e-111         	 1.11111111e-111         	 1.11111111e-111         	 1.11111111e-111         	 1.11111111e-111         	 1.11111111e-111         	 1.11111111e-111         	 1.11111111e-111         	 1.11111111e-111         	 1.11111111e-111         	 1.11111111e-111         	 1.11111111e-111         	 1.11111111e-111         	 1.11111111e-111         	 1.11111111e-111         	 1.11111111e-111         	 1.11111111e-111         	 1.11111111e-111         	 1.11111111e-111         	 1.11111111e-111         	 1.11111111e-111         	
Data:	 6.91000000              	 2.05519577e-2           	-3.97664717e-1           	-1.68714680              	-1.48869503              	-5.67168692e-1           	-3.97664717e-1           	-1.22617044              	-1.28260824              	-1.26822597              	 1.11111111e-111         	 1.11111111e-111         	 1.11111111e-111         	 1.11111111e-111         	 1.11111111e-111         	 1.11111111e-111         	 1.11111111e-111         	 1.11111111e-111         	 1.11111111e-111         	 1.11111111e-111         	 1.11111111e-111         	 1.11111111e-111         	 1.11111111e-111         	 1.11111111e-111         	 1.11111111e-111         	 1.11111111e-111         	 1.11111111e-111         	 1.11111111e-111         	 1.11111111e-111         	 1.11111111e-111         	 1.11111111e-111         	 1.11111111e-111         	 1.11111111e-111         	 1.11111111e-111         	 1.11111111e-111         	 1.11111111e-111         	 1.11111111e-111         	 1.11111111e-111         	 1.11111111e-111         	 1.11111111e-111         	 1.11111111e-111         	 1.11111111e-111         	 1.11111111e-111         	 1.11111111e-111         	 1.11111111e-111         	 1.11111111e-111         	 1.11111111e-111         	 1.11111111e-111         	 1.11111111e-111         	 1.11111111e-111         	 1.11111111e-111         	 1.11111111e-111         	 1.11111111e-111         	 1.11111111e-111         	 1.11111111e-111         	 1.11111111e-111         	
Data:	 6.89000000              	 2.14053292e-2           	-4.15659806e-1           	-1.66947809              	-1.48447536              	-5.85163781e-1           	-4.15659806e-1           	-1.27917687              	-1.27770389              	-1.26400630              	 1.11111111e-111         	 1.11111111e-111         	 1.11111111e-111         	 1.11111111e-111         	 1.11111111e-111         	 1.11111111e-111         	 1.11111111e-111         	 1.11111111e-111         	 1.11111111e-111         	 1.11111111e-111         	 1.11111111e-111         	 1.11111111e-111         	 1.11111111e-111         	 1.11111111e-111         	 1.11111111e-111         	 1.11111111e-111         	 1.11111111e-111         	 1.11111111e-111         	 1.11111111e-111         	 1.11111111e-111         	 1.11111111e-111         	 1.11111111e-111         	 1.11111111e-111         	 1.11111111e-111         	 1.11111111e-111         	 1.11111111e-111         	 1.11111111e-111         	 1.11111111e-111         	 1.11111111e-111         	 1.11111111e-111         	 1.11111111e-111         	 1.11111111e-111         	 1.11111111e-111         	 1.11111111e-111         	 1.11111111e-111         	 1.11111111e-111         	 1.11111111e-111         	 1.11111111e-111         	 1.11111111e-111         	 1.11111111e-111         	 1.11111111e-111         	 1.11111111e-111         	 1.11111111e-111         	 1.11111111e-111         	 1.11111111e-111         	 1.11111111e-111         	
Data:	 7.01000000              	 1.67574224e-2           	-2.98941551e-1           	-1.77579278              	-1.50328006              	-4.68394991e-1           	-2.98941551e-1           	-1.02212340              	-1.28425547              	-1.27766925              	 1.11111111e-111         	 1.11111111e-111         	 1.11111111e-111         	 1.11111111e-111         	 1.11111111e-111         	 1.11111111e-111         	 1.11111111e-111         	 1.11111111e-111         	 1.11111111e-111         	 1.11111111e-111         	 1.11111111e-111         	 1.11111111e-111         	 1.11111111e-111         	 1.11111111e-111         	 1.11111111e-111         	 1.11111111e-111         	 1.11111111e-111         	 1.11111111e-111         	 1.11111111e-111         	 1.11111111e-111         	 1.11111111e-111         	 1.11111111e-111         	 1.11111111e-111         	 1.11111111e-111         	 1.11111111e-111         	 1.11111111e-111         	 1.11111111e-111         	 1.11111111e-111         	 1.11111111e-111         	 1.11111111e-111         	 1.11111111e-111         	 1.11111111e-111         	 1.11111111e-111         	 1.11111111e-111         	 1.11111111e-111         	 1.11111111e-111         	 1.11111111e-111         	 1.11111111e-111         	 1.11111111e-111         	 1.11111111e-111         	 1.11111111e-111         	 1.11111111e-111         	 1.11111111e-111         	 1.11111111e-111         	 1.11111111e-111         	 1.11111111e-111         	
Data:	 7.19000000              	 1.12552334e-2           	-1.30403091e-1           	-1.94864549              	-1.52574529              	-2.99601245e-1           	-1.30403091e-1           	-7.26576400e-1           	-1.24822157              	-1.27415987              	 1.11111111e-111         	 1.11111111e-111         	 1.11111111e-111         	 1.11111111e-111         	 1.11111111e-111         	 1.11111111e-111         	 1.11111111e-111         	 1.11111111e-111         	 1.11111111e-111         	 1.11111111e-111         	 1.11111111e-111         	 1.11111111e-111         	 1.11111111e-111         	 1.11111111e-111         	 1.11111111e-111         	 1.11111111e-111         	 1.11111111e-111         	 1.11111111e-111         	 1.11111111e-111         	 1.11111111e-111         	 1.11111111e-111         	 1.11111111e-111         	 1.11111111e-111         	 1.11111111e-111         	 1.11111111e-111         	 1.11111111e-111         	 1.11111111e-111         	 1.11111111e-111         	 1.11111111e-111         	 1.11111111e-111         	 1.11111111e-111         	 1.11111111e-111         	 1.11111111e-111         	 1.11111111e-111         	 1.11111111e-111         	 1.11111111e-111         	 1.11111111e-111         	 1.11111111e-111         	 1.11111111e-111         	 1.11111111e-111         	 1.11111111e-111         	 1.11111111e-111         	 1.11111111e-111         	 1.11111111e-111         	 1.11111111e-111         	 1.11111111e-111         	
Data:	 7.41000000              	 7.05880745e-3           	 1.04784940e-1           	-2.15126866              	-1.52301985              	-6.44132145e-2           	 1.04784940e-1           	-2.48089288e-1           	-1.25105515              	-1.27143443              	 1.11111111e-111         	 1.11111111e-111         	 1.11111111e-111         	 1.11111111e-111         	 1.11111111e-111         	 1.11111111e-111         	 1.11111111e-111         	 1.11111111e-111         	 1.11111111e-111         	 1.11111111e-111         	 1.11111111e-111         	 1.11111111e-111         	 1.11111111e-111         	 1.11111111e-111         	 1.11111111e-111         	 1.11111111e-111         	 1.11111111e-111         	 1.11111111e-111         	 1.11111111e-111         	 1.11111111e-111         	 1.11111111e-111         	 1.11111111e-111         	 1.11111111e-111         	 1.11111111e-111         	 1.11111111e-111         	 1.11111111e-111         	 1.11111111e-111         	 1.11111111e-111         	 1.11111111e-111         	 1.11111111e-111         	 1.11111111e-111         	 1.11111111e-111         	 1.11111111e-111         	 1.11111111e-111         	 1.11111111e-111         	 1.11111111e-111         	 1.11111111e-111         	 1.11111111e-111         	 1.11111111e-111         	 1.11111111e-111         	 1.11111111e-111         	 1.11111111e-111         	 1.11111111e-111         	 1.11111111e-111         	 1.11111111e-111         	 1.11111111e-111         	
Data:	 7.83000000              	 2.77249605e-3           	 5.23039228e-1           	-2.55712906              	-1.53200135              	 3.53892660e-1           	 5.23039228e-1           	 5.82889279e-1           	-1.25520495              	-1.27516721              	 1.11111111e-111         	 1.11111111e-111         	 1.11111111e-111         	 1.11111111e-111         	 1.11111111e-111         	 1.11111111e-111         	 1.11111111e-111         	 1.11111111e-111         	 1.11111111e-111         	 1.11111111e-111         	 1.11111111e-111         	 1.11111111e-111         	 1.11111111e-111         	 1.11111111e-111         	 1.11111111e-111         	 1.11111111e-111         	 1.11111111e-111         	 1.11111111e-111         	 1.11111111e-111         	 1.11111111e-111         	 1.11111111e-111         	 1.11111111e-111         	 1.11111111e-111         	 1.11111111e-111         	 1.11111111e-111         	 1.11111111e-111         	 1.11111111e-111         	 1.11111111e-111         	 1.11111111e-111         	 1.11111111e-111         	 1.11111111e-111         	 1.11111111e-111         	 1.11111111e-111         	 1.11111111e-111         	 1.11111111e-111         	 1.11111111e-111         	 1.11111111e-111         	 1.11111111e-111         	 1.11111111e-111         	 1.11111111e-111         	 1.11111111e-111         	 1.11111111e-111         	 1.11111111e-111         	 1.11111111e-111         	 1.11111111e-111         	 1.11111111e-111         	
Data:	 7.98000000              	 1.79021893e-3           	 5.94243542e-1           	-2.74709385              	-1.57369440              	 4.25463125e-1           	 5.94243542e-1           	 6.97083517e-1           	-1.21553929              	-1.27960559              	 1.11111111e-111         	 1.11111111e-111         	 1.11111111e-111         	 1.11111111e-111         	 1.11111111e-111         	 1.11111111e-111         	 1.11111111e-111         	 1.11111111e-111         	 1.11111111e-111         	 1.11111111e-111         	 1.11111111e-111         	 1.11111111e-111         	 1.11111111e-111         	 1.11111111e-111         	 1.11111111e-111         	 1.11111111e-111         	 1.11111111e-111         	 1.11111111e-111         	 1.11111111e-111         	 1.11111111e-111         	 1.11111111e-111         	 1.11111111e-111         	 1.11111111e-111         	 1.11111111e-111         	 1.11111111e-111         	 1.11111111e-111         	 1.11111111e-111         	 1.11111111e-111         	 1.11111111e-111         	 1.11111111e-111         	 1.11111111e-111         	 1.11111111e-111         	 1.11111111e-111         	 1.11111111e-111         	 1.11111111e-111         	 1.11111111e-111         	 1.11111111e-111         	 1.11111111e-111         	 1.11111111e-111         	 1.11111111e-111         	 1.11111111e-111         	 1.11111111e-111         	 1.11111111e-111         	 1.11111111e-111         	 1.11111111e-111         	 1.11111111e-111         	
Data:	 7.92000000              	 2.03202587e-3           	 5.30515056e-1           	-2.69207077              	-1.57063821              	 3.61681784e-1           	 5.30515056e-1           	 5.75707255e-1           	-1.22502813              	-1.28192719              	 1.11111111e-111         	 1.11111111e-111         	 1.11111111e-111         	 1.11111111e-111         	 1.11111111e-111         	 1.11111111e-111         	 1.11111111e-111         	 1.11111111e-111         	 1.11111111e-111         	 1.11111111e-111         	 1.11111111e-111         	 1.11111111e-111         	 1.11111111e-111         	 1.11111111e-111         	 1.11111111e-111         	 1.11111111e-111         	 1.11111111e-111         	 1.11111111e-111         	 1.11111111e-111         	 1.11111111e-111         	 1.11111111e-111         	 1.11111111e-111         	 1.11111111e-111         	 1.11111111e-111         	 1.11111111e-111         	 1.11111111e-111         	 1.11111111e-111         	 1.11111111e-111         	 1.11111111e-111         	 1.11111111e-111         	 1.11111111e-111         	 1.11111111e-111         	 1.11111111e-111         	 1.11111111e-111         	 1.11111111e-111         	 1.11111111e-111         	 1.11111111e-111         	 1.11111111e-111         	 1.11111111e-111         	 1.11111111e-111         	 1.11111111e-111         	 1.11111111e-111         	 1.11111111e-111         	 1.11111111e-111         	 1.11111111e-111         	 1.11111111e-111         	
Data:	 7.98000000              	 1.68597972e-3           	 5.60877997e-1           	-2.77314765              	-1.57243959              	 3.92044725e-1           	 5.60877997e-1           	 6.58579826e-1           	-1.23357718              	-1.28372858              	 1.11111111e-111         	 1.11111111e-111         	 1.11111111e-111         	 1.11111111e-111         	 1.11111111e-111         	 1.11111111e-111         	 1.11111111e-111         	 1.11111111e-111         	 1.11111111e-111         	 1.11111111e-111         	 1.11111111e-111         	 1.11111111e-111         	 1.11111111e-111         	 1.11111111e-111         	 1.11111111e-111         	 1.11111111e-111         	 1.11111111e-111         	 1.11111111e-111         	 1.11111111e-111         	 1.11111111e-111         	 1.11111111e-111         	 1.11111111e-111         	 1.11111111e-111         	 1.11111111e-111         	 1.11111111e-111         	 1.11111111e-111         	 1.11111111e-111         	 1.11111111e-111         	 1.11111111e-111         	 1.11111111e-111         	 1.11111111e-111         	 1.11111111e-111         	 1.11111111e-111         	 1.11111111e-111         	 1.11111111e-111         	 1.11111111e-111         	 1.11111111e-111         	 1.11111111e-111         	 1.11111111e-111         	 1.11111111e-111         	 1.11111111e-111         	 1.11111111e-111         	 1.11111111e-111         	 1.11111111e-111         	 1.11111111e-111         	 1.11111111e-111         	
Data:	 8.08000000              	 1.13911579e-3           	 5.14637396e-1           	-2.94343213              	-1.69835650              	 3.46070256e-1           	 5.14637396e-1           	 5.63192012e-1           	-1.24637023              	-1.38256726              	 1.11111111e-111         	 1.11111111e-111         	 1.11111111e-111         	 1.11111111e-111         	 1.11111111e-111         	 1.11111111e-111         	 1.11111111e-111         	 1.11111111e-111         	 1.11111111e-111         	 1.11111111e-111         	 1.11111111e-111         	 1.11111111e-111         	 1.11111111e-111         	 1.11111111e-111         	 1.11111111e-111         	 1.11111111e-111         	 1.11111111e-111         	 1.11111111e-111         	 1.11111111e-111         	 1.11111111e-111         	 1.11111111e-111         	 1.11111111e-111         	 1.11111111e-111         	 1.11111111e-111         	 1.11111111e-111         	 1.11111111e-111         	 1.11111111e-111         	 1.11111111e-111         	 1.11111111e-111         	 1.11111111e-111         	 1.11111111e-111         	 1.11111111e-111         	 1.11111111e-111         	 1.11111111e-111         	 1.11111111e-111         	 1.11111111e-111         	 1.11111111e-111         	 1.11111111e-111         	 1.11111111e-111         	 1.11111111e-111         	 1.11111111e-111         	 1.11111111e-111         	 1.11111111e-111         	 1.11111111e-111         	 1.11111111e-111         	 1.11111111e-111         	
Data:	 8.08000000              	 9.46000444e-4           	-1.69469202e-1           	-3.02410866              	-1.82059987              	 1.63192517e-1           	-1.69469202e-1           	 8.80423196e-2           	-1.09145923              	-1.37977789              	 1.11111111e-111         	 1.11111111e-111         	 1.11111111e-111         	 1.11111111e-111         	 1.11111111e-111         	 1.11111111e-111         	 1.11111111e-111         	 1.11111111e-111         	 1.11111111e-111         	 1.11111111e-111         	 1.11111111e-111         	 1.11111111e-111         	 1.11111111e-111         	 1.11111111e-111         	 1.11111111e-111         	 1.11111111e-111         	 1.11111111e-111         	 1.11111111e-111         	 1.11111111e-111         	 1.11111111e-111         	 1.11111111e-111         	 1.11111111e-111         	 1.11111111e-111         	 1.11111111e-111         	 1.11111111e-111         	 1.11111111e-111         	 1.11111111e-111         	 1.11111111e-111         	 1.11111111e-111         	 1.11111111e-111         	 1.11111111e-111         	 1.11111111e-111         	 1.11111111e-111         	 1.11111111e-111         	 1.11111111e-111         	 1.11111111e-111         	 1.11111111e-111         	 1.11111111e-111         	 1.11111111e-111         	 1.11111111e-111         	 1.11111111e-111         	 1.11111111e-111         	 1.11111111e-111         	 1.11111111e-111         	 1.11111111e-111         	 1.11111111e-111         	
