NodeID: 0.0
 nr   logfactor           convergence         gas_val_u                   gas_res             I                           I.eq                pH                          chargebalance       Ar[g].logact                Ar[g].tot           CO2[g].logact               CO2[g].tot         
                                                                          0.0                                             0.0                                             0.0                                             0.0                                             0.0                

 1.0  0.0                 12.999999999999833  2.92844424e-13           X  1.00000000          8.95285961e-8              -1.85903880e-18      7.04819076                  9.26442286e-23     -12.4164323                  3.83325651e-33     -21.2736234                  1.08775134e-22     
 2.0  0.0                 12.999999999998336 -6.33531343e-4            X  1.00000000          8.95285961e-8              -1.85901233e-18      7.04819076                  1.45583788e-22     -11.4164323                  3.83325517e-32     -21.7084180                  3.99700792e-23     
 3.0  0.0                 12.999999999983352  9.93664687e-2            X  1.00000000          8.95285961e-8              -3.57342025e-22      7.04819076                  1.85288457e-22     -10.4164323                  1.54701689e-14     -22.7084180                  4.00490578e-24     
 4.0  0.0                 12.999999999833523 -6.33531343e-4            X  1.00000000          8.97372588e-8               2.08626002e-10      7.04819076                 -9.66180043e-18     -9.41643227                  3.83325517e-30     -21.7084180                  3.99700928e-23     
 5.0  0.0                 12.99999999833524   9.93664687e-2            X  9.99999996e-1       8.95286321e-8               3.59382683e-14      7.04819076                  1.27108543e-17     -8.41643227               X  1.54701689e-12     -22.7084180                  4.00490578e-24     
 6.0  0.0                 12.999999983352383 -6.33531343e-4            X  9.99999962e-1       8.95253717e-8              -3.22384268e-12      7.04819076                  3.02245178e-19     -7.41643227                  3.83325517e-28     -21.7084180                  3.99700790e-23     
 7.0  0.0                 12.999999993882733  9.93664687e-2            X  9.99999986e-1       8.95285956e-8              -5.55678958e-16      7.04819076                 -1.96286651e-19     -7.85122694               X  5.68460616e-12     -22.7084180                  4.00490578e-24     
 8.0  -4.784425839589625  12.999999938827335 -6.33531343e-4            X  9.99999859e-1       8.95285956e-8              -5.69066737e-16      7.04819076                 -1.96326355e-19     -6.85122694                  1.40855256e-27     -21.7084180                  3.99700792e-23     
 9.0  0.0                 12.999999388272967  9.93664687e-2            X  9.99998591e-1       8.95285961e-8              -9.80440636e-20      7.04819076                  0.0                -5.85122694               X  5.68460616e-10     -22.7084180                  4.00490578e-24     
 10.0 -2.784117872725827  12.99999388269089  -6.33531343e-4            X  9.99985914e-1       8.95285962e-8               1.03684244e-17      7.04819076                 -3.97046694e-23     -4.85122694                  1.40855256e-25     -21.7084180                  3.99700792e-23     
 11.0 -4.489505042020902  12.999938823031075  9.93664687e-2            X  9.99859145e-1       8.95285962e-8               1.03681200e-17      7.04819076                  0.0                -3.85122694               X  5.68460616e-8      -22.7084180                  4.00490578e-24     
 12.0 -3.5452569667150535 12.999536336990179 -6.33531343e-4            X  9.98932946e-1       8.95285962e-8               1.03651686e-17      7.04819076                  0.0                -2.97181367                  1.06705383e-23     -22.7068074                  4.01185852e-24     
 13.0 0.0                 12.999829681775255  9.93664687e-2            X  9.99607905e-1       8.95285961e-8               1.69406589e-21      7.04819076                 -1.85288457e-22     -3.40660835               X  1.58240986e-7      -23.7068074                  4.01978572e-25     
 14.0 -3.1006383688192445 12.99870873989796  -6.33531343e-4            X  9.97031179e-1       8.95285961e-8               1.69406589e-21      7.04819076                 -1.85288457e-22     -2.52741605                  2.96882057e-23     -23.7054178                  4.02471594e-25     
 15.0 -2.1644090044408544 12.986911310322355  9.93664687e-2            X  9.70311794e-1       8.95285961e-8               1.68083100e-21      7.04819076                 -1.85288457e-22     -1.52741605               X  1.19815023e-5      -24.7054178                  4.03266855e-26     
 16.0 -1.2214460720782152 12.896614050948058 -6.33531343e-4            X  7.88159384e-1       8.95285961e-8               1.68083100e-21      7.04819076                 -1.85288457e-22     -6.73990770e-1               2.11840616e-21     -24.7297952                  3.80502787e-26     
 17.0 -0.2088890365010800 13.04859954888501   9.93664687e-2            X -1.11840616          8.95285961e-8               6.35274710e-22      7.04819076                 -1.85288457e-22      3.26009230e-1            X  8.54941808e-4      -25.7297952                  3.81254638e-27     
 18.0 0.0                 12.398332986480472  7.60307708e-2            X -2.50226319e-1       8.95285962e-8               6.37881984e-18      7.04819076                  1.85288457e-22      9.69886370e-2            X  2.95403092e-4      -26.1641851                  1.40110293e-27     
 19.0 0.0                 11.374496791995295  4.58226251e-2            X -2.36862764e-2       8.95285961e-8              -6.62726519e-18      7.04819076                  0.0                 1.01668811e-2            X  8.78566070e-5      -26.5985779                  5.14941096e-28     
 20.0 0.0                 9.475037439673402   2.36830189e-2            X -2.98563999e-4       8.95285961e-8              -7.33623177e-19      7.04819076                  0.0                 1.29645345e-4            X  2.29324990e-5      -27.0331942                  1.89237661e-28     
 21.0 0.0                 7.776286149464085   1.20898019e-2            X -3.88052607e-7       8.95285961e-8              -9.26442286e-23      7.04819076                 -1.85288457e-22      1.68529073e-7            X  5.97428793e-6      -27.4679401                  6.95385513e-29     
 22.0 0.0                 7.208054656120696   6.28497452e-3            X -4.46665815e-10      8.95285961e-8              -5.45335693e-18      7.04819076                  3.70576914e-22      1.93984473e-10           X  1.61456174e-6      -27.9027220                  2.55525597e-29     
 23.0 0.0                 6.667754297056992   3.37406420e-3            X -5.14033260e-13      8.95285961e-8              -9.92616735e-22      7.04819076                 -1.85288457e-22      2.23221136e-13           X  4.65322762e-7      -28.3375133                  9.38946250e-30     
 24.0 0.0                 6.171130984990969   1.90476624e-3              -4.44089210e-16      8.95285961e-8              -5.04925604e-18      7.04819076                  1.85288457e-22      2.36245940e-16           X  1.48296529e-7      -28.7723070                  3.45021671e-30     
 25.0 0.0                 5.7331476377455735  1.15040302e-3               0.0                 8.95285962e-8               8.68912867e-18      7.04819076                  0.0                 4.36024063e-17           X  5.40938183e-8      -29.2071013                  1.26780312e-30     
 26.0 0.0                 5.360947350033066   7.49462432e-4               0.0                 8.95285961e-8              -6.57853432e-19      7.04819076                  0.0                 4.36024063e-17           X  2.29587030e-8      -29.6418959                  4.65861898e-31     
 27.0 0.0                 5.05125019522263    5.24688192e-4               0.0                 8.95285961e-8              -6.57853432e-19      7.04819076                  0.0                 4.36024063e-17           X  1.12525304e-8      -30.0766905                  1.71183752e-31     
 28.0 0.0                 4.794368814359822   3.90355767e-4               0.0                 8.95285962e-8               3.66872469e-18      7.04819076                  0.0                 4.36024063e-17           X  6.22828983e-9      -30.5114851                  6.29024963e-32     
 29.0 0.0                 4.579433556004954   3.04784566e-4               0.0                 8.95285962e-8               3.66872469e-18      7.04819076                  0.0                 4.36024063e-17           X  3.79693844e-9      -30.9462798                  2.31138992e-32     
 30.0 0.0                 4.397091908447007   2.47071213e-4               0.0                 8.95285962e-8               3.66872469e-18      7.04819076                  0.0                 4.36024063e-17           X  2.49512271e-9      -31.3810745                  8.49334072e-33     
 31.0 0.0                 4.240090421571108   2.06215547e-4               0.0                 8.95285962e-8               3.66872469e-18      7.04819076                  0.0                 4.36024063e-17           X  1.73816268e-9      -31.8158691                  3.12092891e-33     
 32.0 0.0                 4.103005725787923   1.76107988e-4               0.0                 8.95285961e-8              -3.74731346e-18      7.04819076                  0.0                 4.36024063e-17           X  1.26766858e-9      -32.2506638                  1.14680402e-33     
 33.0 0.0                 3.9818079996041043  1.53172286e-4               0.0                 8.95285961e-8              -6.22039821e-22      7.04819076                 -1.85288457e-22      4.36024063e-17           X  9.58976577e-10     -32.6854585                  4.21400003e-34     
 34.0 0.0                 3.8734809026949573  1.35212438e-4               0.0                 8.95285962e-8               6.86484470e-18      7.04819076                  3.70576914e-22      4.36024063e-17           X  7.47275773e-10     -33.1202532                  1.54845954e-34     
 35.0 0.0                 3.7757372061565633  1.20821659e-4               0.0                 8.95285961e-8              -2.47701551e-18      7.04819076                  0.0                 4.36024063e-17           X  5.96674127e-10     -33.5550478                  5.68990728e-35     
 36.0 0.0                 3.6868165240394957  1.09064762e-4               0.0                 8.95285961e-8              -2.47701551e-18      7.04819076                  0.0                 4.36024063e-17           X  4.86201757e-10     -33.9898425                  2.09079049e-35     
 37.0 0.0                 3.60534339898916    9.92996900e-5               0.0                 8.95285962e-8               1.84718033e-18      7.04819076                  0.0                 4.36024063e-17           X  4.03035591e-10     -34.4246372                  7.68273483e-36     
 38.0 0.0                 3.530227512567731   9.10730643e-5               0.0                 8.95285962e-8               1.84718033e-18      7.04819076                  0.0                 4.36024063e-17           X  3.39021712e-10     -34.8594318                  2.82306690e-36     
 39.0 0.0                 3.4605928526186425  8.40567549e-5               0.0                 8.95285962e-8               5.85031098e-18      7.04819076                  0.0                 4.36024063e-17           X  2.88797116e-10     -35.2942265                  1.03735283e-36     
 40.0 0.0                 3.3957267989175497  7.80080807e-5               0.0                 8.95285961e-8              -5.04393562e-18      7.04819076                 -1.85288457e-22      4.36024063e-17           X  2.48729215e-10     -35.7290212                  3.81181508e-37     
 41.0 0.0                 3.335043020210656   7.27440880e-5               0.0                 8.95285962e-8               2.36793354e-18      7.04819076                  3.57342025e-22      4.36024063e-17           X  2.16293277e-10     -36.1638159                  1.40067427e-37     
 42.0 0.0                 3.278054058459279   6.81244835e-5               0.0                 8.95285962e-8               7.41074420e-18      7.04819076                 -1.85288457e-22      4.36024063e-17           X  1.89694203e-10     -36.5986105                  5.14686145e-38     
 43.0 0.0                 3.224350795802041   6.40400395e-5               0.0                 8.95285962e-8               7.41074420e-18      7.04819076                  1.85288457e-22      4.36024063e-17           X  1.67629634e-10     -37.0334052                  1.89124505e-38     
 44.0 0.0                 3.1735868770861972  6.04045470e-5               0.0                 8.95285962e-8               1.20791266e-17      7.04819076                  0.0                 4.36024063e-17           X  1.49137506e-10     -37.4681999                  6.94949314e-39     
 45.0 0.0                 3.125466747590601   5.71491226e-5               0.0                 8.95285961e-8              -6.97780448e-18      7.04819076                  0.0                 4.36024063e-17           X  1.33495537e-10     -37.9029946                  2.55363285e-39     
 46.0 0.0                 3.0797363617849562  5.42181100e-5               0.0                 8.95285962e-8               1.66586234e-18      7.04819076                  0.0                 4.36024063e-17           X  1.20153482e-10     -38.3377892                  9.38347678e-40     
 47.0 0.0                 3.03617588957395    5.15660824e-5               0.0                 8.95285962e-8               1.66586234e-18      7.04819076                  0.0                 4.36024063e-17           X  1.08686572e-10     -38.7725839                  3.44801471e-40     
 48.0 0.0                 2.994593933529537   4.91556179e-5               0.0                 8.95285961e-8              -2.33505808e-18      7.04819076                  0.0                 4.36024063e-17           X  9.87629227e-11     -39.2073786                  1.26699364e-40     
 49.0 0.0                 2.9548229015049112  4.69556270e-5               0.0                 8.95285961e-8              -2.33505808e-18      7.04819076                  0.0                 4.36024063e-17           X  9.01203566e-11     -39.6421733                  4.65564399e-41     
 50.0 0.0                 2.916715271722636   4.49400787e-5               0.0                 8.95285961e-8              -9.74297001e-18      7.04819076                  0.0                 4.36024063e-17           X  8.25496567e-11     -40.0769679                  1.71074425e-41     
 51.0 0.0                 2.880140553851905   4.30870212e-5               0.0                 8.95285961e-8              -4.70301809e-18      7.04819076                  0.0                 4.36024063e-17           X  7.58823119e-11     -40.5117626                  6.28623215e-42     
 52.0 0.0                 2.844982797721773   4.13778187e-5               0.0                 8.95285962e-8               2.15493123e-18      7.04819076                 -1.85288457e-22      4.36024063e-17           X  6.99814276e-11     -40.9465573                  2.30991363e-42     
 53.0 0.0                 2.81113853657113    3.97965534e-5               0.0                 8.95285961e-8              -1.18425132e-17      7.04819076                  3.70576914e-22      4.36024063e-17           X  6.47349082e-11     -41.3813519                  8.48791591e-43     
 54.0 0.0                 2.7785150778228225  3.83295510e-5               0.0                 8.95285961e-8               8.55145935e-19      7.04819076                  0.0                 4.36024063e-17           X  6.00502857e-11     -41.8161466                  3.11893551e-43     
 55.0 0.0                 2.7470290738605327  3.69650017e-5               0.0                 8.95285961e-8               8.55145935e-19      7.04819076                  0.0                 4.36024063e-17           X  5.58507583e-11     -42.2509413                  1.14607152e-43     
 56.0 0.0                 2.7166053199848905  3.56926549e-5               0.0                 8.95285961e-8               8.55145935e-19      7.04819076                  0.0                 4.36024063e-17           X  5.20721273e-11     -42.6857360                  4.21130841e-44     
 57.0 0.0                 2.687175737905668   3.45035723e-5               0.0                 8.95285962e-8               4.85389583e-18      7.04819076                  0.0                 4.36024063e-17           X  4.86604071e-11     -43.1205306                  1.54747048e-44     
 58.0 0.0                 2.658678511702168   3.33899254e-5               0.0                 8.95285962e-8               4.85389583e-18      7.04819076                  0.0                 4.36024063e-17           X  4.55699458e-11     -43.5553253                  5.68627291e-45     
 59.0 0.0                 2.6310573498127745  3.23448296e-5               0.0                 8.95285962e-8               4.85389583e-18      7.04819076                  0.0                 4.36024063e-17           X  4.27619351e-11     -43.9901200                  2.08945502e-45     
 60.0 0.0                 2.6042608517771497  3.13622071e-5               0.0                 8.95285961e-8               8.07328278e-22      7.04819076                 -1.85288457e-22      4.36024063e-17           X  4.02032212e-11     -44.4249147                  7.67782754e-46     
 61.0 0.0                 2.5782419625034745  3.04366727e-5               0.0                 8.95285961e-8               8.07328278e-22      7.04819076                  1.85288457e-22      4.36024063e-17           X  3.78653489e-11     -44.8597093                  2.82126369e-46     
 62.0 0.0                 2.552957500030033   2.95634384e-5               0.0                 8.95285961e-8               8.07328278e-22      7.04819076                 -1.85288457e-22      4.36024063e-17           X  3.57237877e-11     -45.2945040                  1.03669023e-46     
 63.0 0.0                 2.528367745290716   2.87382333e-5               0.0                 8.95285961e-8               8.07328278e-22      7.04819076                  1.85288457e-22      4.36024063e-17           X  3.37573033e-11     -45.7292987                  3.80938030e-47     
 64.0 0.0                 2.504436084424776   2.79572362e-5               0.0                 8.95285961e-8              -4.31620197e-18      7.04819076                  0.0                 4.36024063e-17           X  3.19474416e-11     -46.1640934                  1.39977959e-47     
 65.0 0.0                 2.481128695803976   2.72170180e-5               0.0                 8.95285961e-8               1.55801123e-18      7.04819076                  0.0                 4.36024063e-17           X  3.02781054e-11     -46.5988880                  5.14357390e-48     
 66.0 0.0                 2.4584142752703673  2.65144932e-5               0.0                 8.95285962e-8               5.55456414e-18      7.04819076                  0.0                 4.36024063e-17           X  2.87352034e-11     -47.0336827                  1.89003702e-48     
 67.0 0.0                 2.4362637941507668  2.58468778e-5               0.0                 8.95285961e-8               1.16440560e-19      7.04819076                 -1.85288457e-22      4.36024063e-17           X  2.73063589e-11     -47.4684774                  6.94505415e-49     
 68.0 0.0                 2.41465028549026    2.52116539e-5               0.0                 8.95285961e-8               1.16440560e-19      7.04819076                  1.85288457e-22      4.36024063e-17           X  2.59806663e-11     -47.9032721                  2.55200172e-49     
 69.0 0.0                 2.3935486546661977  2.46065383e-5               0.0                 8.95285961e-8               1.16440560e-19      7.04819076                 -1.85288457e-22      4.36024063e-17           X  2.47484871e-11     -48.3380667                  9.37748307e-50     
 70.0 0.0                 2.372935511137026   2.40294565e-5               0.0                 8.95285961e-8               1.16440560e-19      7.04819076                  1.85288457e-22      4.36024063e-17           X  2.36012775e-11     -48.7728614                  3.44581229e-50     
 71.0 0.0                 2.3527890185711957  2.34785192e-5               0.0                 8.95285961e-8               0.0                 7.04819076                 -1.85288457e-22      4.36024063e-17           X  2.25314436e-11     -49.2076561                  1.26618435e-50     
 72.0 0.0                 2.3330887610095923  2.29520020e-5               0.0                 8.95285962e-8               6.34188126e-18      7.04819076                  1.85288457e-22      4.36024063e-17           X  2.15322176e-11     -49.6424507                  4.65267019e-51     
 73.0 0.0                 2.313815623055702   2.24483283e-5               0.0                 8.95285961e-8              -2.28749188e-18      7.04819076                  0.0                 4.36024063e-17           X  2.05975527e-11     -50.0772454                  1.70965151e-51     
 74.0 0.0                 2.294951682373298   2.19660534e-5               0.0                 8.95285961e-8              -2.28749188e-18      7.04819076                  0.0                 4.36024063e-17           X  1.97220331e-11     -50.5120401                  6.28221681e-52     
 75.0 0.0                 2.2764801130116368  2.15038514e-5               0.0                 8.95285961e-8              -4.49986253e-22      7.04819076                 -1.85288457e-22      4.36024063e-17           X  1.89007968e-11     -50.9468348                  2.30843817e-52     
 76.0 0.0                 2.2583850982809235  2.10605031e-5               0.0                 8.95285962e-8               5.43478838e-18      7.04819076                  1.85288457e-22      4.36024063e-17           X  1.81294696e-11     -51.3816294                  8.48249423e-53     
 77.0 0.0                 2.2406517520725218  2.06348858e-5               0.0                 8.95285961e-8              -1.96094745e-18      7.04819076                 -1.85288457e-22      4.36024063e-17           X  1.74041073e-11     -51.8164241                  3.11694328e-53     
 78.0 0.0                 2.223266047664329   2.02259634e-5               0.0                 8.95285961e-8              -6.99272020e-18      7.04819076                  3.70576914e-22      4.36024063e-17           X  1.67211463e-11     -52.2512188                  1.14533946e-53     
 79.0 0.0                 2.2062147531761225  1.98327789e-5               0.0                 8.95285961e-8              -1.45941130e-19      7.04819076                  0.0                 4.36024063e-17           X  1.60773606e-11     -52.6860135                  4.20861842e-54     
 80.0 0.0                 2.189485372946045   1.94544465e-5               0.0                 8.95285961e-8              -4.80418559e-18      7.04819076                  0.0                 4.36024063e-17           X  1.54698240e-11     -53.1208081                  1.54648203e-54     
 81.0 0.0                 2.1730660941906046  1.90901456e-5               0.0                 8.95285962e-8               7.87262861e-18      7.04819076                  0.0                 4.36024063e-17           X  1.48958776e-11     -53.5556028                  5.68264079e-55     
 82.0 0.0                 2.1569457383889907  1.87391144e-5               0.0                 8.95285961e-8              -7.52112318e-19      7.04819076                  0.0                 4.36024063e-17           X  1.43531009e-11     -53.9903975                  2.08812037e-55     
 83.0 0.0                 2.1411137169001417  1.84006452e-5               0.0                 8.95285962e-8               5.11584077e-18      7.04819076                  0.0                 4.36024063e-17           X  1.38392870e-11     -54.4251922                  7.67292329e-56     
 84.0 0.0                 2.1255599903794535  1.80740795e-5               0.0                 8.95285961e-8              -6.86087423e-18      7.04819076                  0.0                 4.36024063e-17           X  1.33524202e-11     -54.8599868                  2.81946159e-56     
 85.0 0.0                 2.110275031612714   1.77588038e-5               0.0                 8.95285961e-8              -1.42861371e-18      7.04819076                  0.0                 4.36024063e-17           X  1.28906564e-11     -55.2947815                  1.03602804e-56     
 86.0 0.0                 2.0952497914288535  1.74542458e-5               0.0                 8.95285961e-8              -2.77932686e-22      7.04819076                 -1.85288457e-22      4.36024063e-17           X  1.24523062e-11     -55.7295762                  3.80694704e-57     
 87.0 0.0                 2.080475667391466   1.71598713e-5               0.0                 8.95285961e-8              -2.77932686e-22      7.04819076                  1.85288457e-22      4.36024063e-17           X  1.20358195e-11     -56.1643709                  1.39888548e-57     
 88.0 0.0                 2.065944475002511   1.68751806e-5               0.0                 8.95285961e-8              -2.77932686e-22      7.04819076                 -1.85288457e-22      4.36024063e-17           X  1.16397720e-11     -56.5991655                  5.14028842e-58     
 89.0 0.0                 2.0516484211809094  1.65997063e-5               0.0                 8.95285961e-8              -2.77932686e-22      7.04819076                  1.85288457e-22      4.36024063e-17           X  1.12628531e-11     -57.0339602                  1.88882975e-58     
 90.0 0.0                 2.037580079804389   1.63330102e-5               0.0                 8.95285961e-8              -6.33511823e-18      7.04819076                  0.0                 4.36024063e-17           X  1.09038553e-11     -57.4687549                  6.94061797e-59     
 91.0 0.0                 2.023732369125524   1.60746815e-5               0.0                 8.95285961e-8              -1.16467030e-21      7.04819076                 -1.85288457e-22      4.36024063e-17           X  1.05616645e-11     -57.9035495                  2.55037162e-59     
 92.0 0.0                 2.0100985308927406  1.58243346e-5               0.0                 8.95285962e-8               5.86349293e-18      7.04819076                  3.70576914e-22      4.36024063e-17           X  1.02352518e-11     -58.3383442                  9.37149316e-60     
 93.0 0.0                 1.9966721110245926  1.55816071e-5               0.0                 8.95285961e-8               9.92616735e-22      7.04819076                 -1.85288457e-22      4.36024063e-17           X  9.92366536e-12     -58.7731389                  3.44361126e-60     
 94.0 0.0                 1.9834469417010716  1.53461579e-5               0.0                 8.95285961e-8               9.92616735e-22      7.04819076                  1.85288457e-22      4.36024063e-17           X  9.62602403e-12     -59.2079336                  1.26537557e-60     
 95.0 0.0                 1.970417124749438   1.51176663e-5               0.0                 8.95285962e-8               7.38862869e-18      7.04819076                 -1.85288457e-22      4.36024063e-17           X  9.34151090e-12     -59.6427282                  4.64969827e-61     
 96.0 0.0                 1.9575770162141932  1.48958298e-5               0.0                 8.95285961e-8              -2.66377304e-18      7.04819076                  3.57342025e-22      4.36024063e-17           X  9.06936783e-12     -60.0775229                  1.70855946e-61     
 97.0 0.0                 1.9449212120116264  1.46803632e-5               0.0                 8.95285962e-8               4.17540921e-18      7.04819076                 -1.85288457e-22      4.36024063e-17           X  8.80889051e-12     -60.5123176                  6.27820401e-62     
 98.0 0.0                 1.9324445345789651  1.44709972e-5               0.0                 8.95285961e-8              -4.77647173e-19      7.04819076                  3.70576914e-22      4.36024063e-17           X  8.55942389e-12     -60.9471123                  2.30696364e-62     
 99.0 0.0                 1.920142020436742   1.42674777e-5               0.0                 8.95285961e-8              -4.77647173e-19      7.04819076                  0.0                 4.36024063e-17           X  8.32035814e-12     -61.3819069                  8.47707599e-63     
 100. 0.0                 1.9080089085906218  1.40695643e-5               0.0                 8.95285961e-8              -4.77647173e-19      7.04819076                  0.0                 4.36024063e-17           X  8.09112496e-12     -61.8167016                  3.11495231e-63     
 101. 0.0                 1.8960406297057857  1.38770294e-5               0.0                 8.95285961e-8              -6.33899605e-18      7.04819076                  0.0                 4.36024063e-17           X  7.87119424e-12     -62.2514963                  1.14460787e-63     
 102. 0.0                 1.8842327959930878  1.36896578e-5               0.0                 8.95285961e-8               1.63661324e-18      7.04819076                  0.0                 4.36024063e-17           X  7.66007102e-12     -62.6862910                  4.20593014e-64     
 103. 0.0                 1.872581191751699   1.35072454e-5               0.0                 8.95285961e-8               1.63661324e-18      7.04819076                  0.0                 4.36024063e-17           X  7.45729274e-12     -63.1210856                  1.54549421e-64     
 104. 0.0                 1.8610817645178834  1.33295987e-5               0.0                 8.95285961e-8               1.63661324e-18      7.04819076                  0.0                 4.36024063e-17           X  7.26242674e-12     -63.5558803                  5.67901097e-65     
 105. 0.0                 1.8497306167739953  1.31565343e-5               0.0                 8.95285961e-8               2.77932686e-22      7.04819076                 -1.85288457e-22      4.36024063e-17           X  7.07506797e-12     -63.9906750                  2.08678657e-65     
 106. 0.0                 1.8385239981757822  1.29878777e-5               0.0                 8.95285961e-8               2.77932686e-22      7.04819076                  1.85288457e-22      4.36024063e-17           X  6.89483691e-12     -64.4254697                  7.66802217e-66     
 107. 0.0                 1.8274582982596834  1.28234636e-5               0.0                 8.95285961e-8              -4.65022412e-18      7.04819076                  0.0                 4.36024063e-17           X  6.72137766e-12     -64.8602643                  2.81766064e-66     
 108. 0.0                 1.816530039595072   1.26631343e-5               0.0                 8.95285962e-8               1.67777375e-18      7.04819076                  0.0                 4.36024063e-17           X  6.55435620e-12     -65.2950590                  1.03536627e-66     
 109. 0.0                 1.805735871349333   1.25067402e-5               0.0                 8.95285961e-8               2.77932686e-22      7.04819076                 -1.85288457e-22      4.36024063e-17           X  6.39345881e-12     -65.7298537                  3.80451533e-67     
 110. 0.0                 1.795072563236332   1.23541387e-5               0.0                 8.95285961e-8               0.0                 7.04819076                  1.85288457e-22      4.36024063e-17           X  6.23839060e-12     -66.1646483                  1.39799193e-67     
 111. 0.0                 1.784536999821254   1.22051942e-5               0.0                 8.95285961e-8               0.0                 7.04819076                 -1.85288457e-22      4.36024063e-17           X  6.08887418e-12     -66.5994430                  5.13700503e-68     
 112. 0.0                 1.7741261751569684  1.20597771e-5               0.0                 8.95285961e-8               0.0                 7.04819076                  1.85288457e-22      4.36024063e-17           X  5.94464843e-12     -67.0342377                  1.88762325e-68     
 113. 0.0                 1.7638371877290906  1.19177642e-5               0.0                 8.95285961e-8               0.0                 7.04819076                 -1.85288457e-22      4.36024063e-17           X  5.80546736e-12     -67.4690324                  6.93618461e-69     
 114. 0.0                 1.7536672356886982  1.17790377e-5               0.0                 8.95285962e-8               5.02074809e-18      7.04819076                  3.70576914e-22      4.36024063e-17           X  5.67109909e-12     -67.9038270                  2.54874255e-69     
 115. 0.0                 1.7436136123533295  1.16434853e-5               0.0                 8.95285961e-8              -1.81095644e-18      7.04819076                 -1.85288457e-22      4.36024063e-17           X  5.54132487e-12     -68.3386217                  9.36550707e-70     
 116. 0.0                 1.7336737019583817  1.15109997e-5               0.0                 8.95285962e-8               2.83699127e-18      7.04819076                  3.57342025e-22      4.36024063e-17           X  5.41593822e-12     -68.7734164                  3.44141163e-70     
 117. 0.0                 1.7238449756424081  1.13814785e-5               0.0                 8.95285961e-8              -3.48753905e-18      7.04819076                  0.0                 4.36024063e-17           X  5.29474411e-12     -69.2082111                  1.26456730e-70     
 118. 0.0                 1.7141249876510603  1.12548234e-5               0.0                 8.95285962e-8               9.42116366e-18      7.04819076                 -1.72053567e-22      4.36024063e-17           X  5.17755818e-12     -69.6430057                  4.64672825e-71     
 119. 0.0                 1.7045113717455664  1.11309409e-5               0.0                 8.95285962e-8               3.56615429e-18      7.04819076                  0.0                 4.36024063e-17           X  5.06420610e-12     -70.0778004                  1.70746811e-71     
 120. 0.0                 1.6950018378026956  1.10097412e-5               0.0                 8.95285961e-8              -8.38415711e-18      7.04819076                  0.0                 4.36024063e-17           X  4.95452287e-12     -70.5125951                  6.27419377e-72     
 121. 0.0                 1.685594168594103   1.08911384e-5               0.0                 8.95285962e-8               2.45639555e-18      7.04819076                  0.0                 4.36024063e-17           X  4.84835229e-12     -70.9473898                  2.30549006e-72     
 122. 0.0                 1.6762862167338426  1.07750502e-5               0.0                 8.95285962e-8               2.45639555e-18      7.04819076                  0.0                 4.36024063e-17           X  4.74554632e-12     -71.3821844                  8.47166121e-73     
 123. 0.0                 1.6670759017836456  1.06613977e-5               0.0                 8.95285961e-8              -2.56150704e-18      7.04819076                  0.0                 4.36024063e-17           X  4.64596466e-12     -71.8169791                  3.11296262e-73     
 124. 0.0                 1.6579612075062862  1.05501054e-5               0.0                 8.95285961e-8              -9.38946610e-18      7.04819076                 -1.72053567e-22      4.36024063e-17           X  4.54947421e-12     -72.2517738                  1.14387675e-73     
 125. 0.0                 1.6489401792580665  1.04411007e-5               0.0                 8.95285961e-8              -4.74405948e-18      7.04819076                  0.0                 4.36024063e-17           X  4.45594867e-12     -72.6865685                  4.20324358e-74     
 126. 0.0                 1.6400109215120557  1.03343140e-5               0.0                 8.95285961e-8               1.57700329e-18      7.04819076                  0.0                 4.36024063e-17           X  4.36526810e-12     -73.1213631                  1.54450701e-74     
 127. 0.0                 1.6311715955043127  1.02296786e-5               0.0                 8.95285961e-8              -2.72356827e-18      7.04819076                  0.0                 4.36024063e-17           X  4.27731855e-12     -73.5561578                  5.67538347e-75     
 128. 0.0                 1.6224204169958483  1.01271304e-5               0.0                 8.95285961e-8              -8.57529538e-18      7.04819076                  0.0                 4.36024063e-17           X  4.19199173e-12     -73.9909525                  2.08545363e-75     
 129. 0.0                 1.6137556541435778  1.00266076e-5               0.0                 8.95285962e-8               3.36857062e-18      7.04819076                 -1.72053567e-22      4.36024063e-17           X  4.10918462e-12     -74.4257472                  7.66312418e-76     
 130. 0.0                 1.6051756254739658  9.92805114e-6               0.0                 8.95285961e-8              -2.04884035e-18      7.04819076                 -1.85288457e-22      4.36024063e-17           X  4.02879923e-12     -74.8605418                  2.81586085e-76     
 131. 0.0                 1.5966786979534864  9.83140397e-6               0.0                 8.95285962e-8               5.32262269e-18      7.04819076                  1.85288457e-22      4.36024063e-17           X  3.95074226e-12     -75.2953365                  1.03470492e-76     
 132. 0.0                 1.5882632851504135  9.73661136e-6               0.0                 8.95285961e-8               3.07367081e-19      7.04819076                  0.0                 4.36024063e-17           X  3.87492486e-12     -75.7301312                  3.80208518e-77     
 133. 0.0                 1.5799278454828083  9.64362059e-6               0.0                 8.95285962e-8               7.13167331e-18      7.04819076                  0.0                 4.36024063e-17           X  3.80126236e-12     -76.1649258                  1.39709896e-77     
 134. 0.0                 1.5716708805479065  9.55238093e-6               0.0                 8.95285962e-8               2.48871515e-18      7.04819076                  0.0                 4.36024063e-17           X  3.72967406e-12     -76.5997205                  5.13372374e-78     
 135. 0.0                 1.5634909335284215  9.46284354e-6               0.0                 8.95285962e-8               8.80632362e-18      7.04819076                  0.0                 4.36024063e-17           X  3.66008300e-12     -77.0345152                  1.88641752e-78     
 136. 0.0                 1.5553865876715522  9.37496136e-6               0.0                 8.95285961e-8               1.53524722e-21      7.04819076                 -1.85288457e-22      4.36024063e-17           X  3.59241572e-12     -77.4693099                  6.93175408e-79     
 137. 0.0                 1.5473564648367657  9.28868906e-6               0.0                 8.95285961e-8               1.53524722e-21      7.04819076                  1.85288457e-22      4.36024063e-17           X  3.52660212e-12     -77.9041045                  2.54711453e-79     
 138. 0.0                 1.539399224108657   9.20398293e-6               0.0                 8.95285961e-8               1.53524722e-21      7.04819076                 -1.85288457e-22      4.36024063e-17           X  3.46257528e-12     -78.3388992                  9.35952479e-80     
 139. 0.0                 1.5315135604714265  9.12080084e-6               0.0                 8.95285961e-8              -5.41281847e-18      7.04819076                  3.70576914e-22      4.36024063e-17           X  3.40027123e-12     -78.7736939                  3.43921341e-80     
 140. 0.0                 1.5236982035417233  9.03910215e-6               0.0                 8.95285961e-8              -9.92616735e-22      7.04819076                 -1.85288457e-22      4.36024063e-17           X  3.33962885e-12     -79.2084886                  1.26375955e-80     
 141. 0.0                 1.5159519163568023  8.95884764e-6               0.0                 8.95285961e-8              -9.92616735e-22      7.04819076                  1.85288457e-22      4.36024063e-17           X  3.28058970e-12     -79.6432832                  4.64376012e-81     
 142. 0.0                 1.5082734942151288  8.87999946e-6               0.0                 8.95285961e-8              -9.92616735e-22      7.04819076                 -1.85288457e-22      4.36024063e-17           X  3.22309788e-12     -80.0780779                  1.70637745e-81     
 143. 0.0                 1.5006617635667316  8.80252109e-6               0.0                 8.95285961e-8              -9.28164145e-18      7.04819076                  1.72053567e-22      4.36024063e-17           X  3.16709991e-12     -80.5128726                  6.27018609e-82     
 144. 0.0                 1.4931155809507721  8.72637723e-6               0.0                 8.95285962e-8               3.34665364e-18      7.04819076                  1.72053567e-22      4.36024063e-17           X  3.11254458e-12     -80.9476673                  2.30401741e-82     
 145. 0.0                 1.4856338319779399  8.65153379e-6               0.0                 8.95285962e-8               7.64242094e-18      7.04819076                  3.70576914e-22      4.36024063e-17           X  3.05938288e-12     -81.3824619                  8.46624988e-83     
 146. 0.0                 1.478215430355429   8.57795784e-6               0.0                 8.95285961e-8              -4.04830133e-18      7.04819076                 -1.85288457e-22      4.36024063e-17           X  3.00756783e-12     -81.8172566                  3.11097420e-83     
 147. 0.0                 1.4708593169523783  8.50561755e-6               0.0                 8.95285962e-8               3.90557628e-18      7.04819076                  3.57342025e-22      4.36024063e-17           X  2.95705442e-12     -82.2520513                  1.14314609e-83     
 148. 0.0                 1.4635644589037793  8.43448212e-6               0.0                 8.95285962e-8               3.90558951e-18      7.04819076                  0.0                 4.36024063e-17           X  2.90779951e-12     -82.6868460                  4.20055873e-84     
 149. 0.0                 1.4563298487509684  8.36452179e-6               0.0                 8.95285961e-8              -3.45781348e-18      7.04819076                  0.0                 4.36024063e-17           X  2.85976172e-12     -83.1216406                  1.54352045e-84     
 150. 0.0                 1.4491545036169333  8.29570776e-6               0.0                 8.95285961e-8              -3.45781348e-18      7.04819076                  0.0                 4.36024063e-17           X  2.81290136e-12     -83.5564353                  5.67175828e-85     
 151. 0.0                 1.4420374644147513  8.22801215e-6               0.0                 8.95285961e-8              -3.45781348e-18      7.04819076                  0.0                 4.36024063e-17           X  2.76718035e-12     -83.9912300                  2.08412153e-85     
 152. 0.0                 1.4349777950875828  8.16140801e-6               0.0                 8.95285961e-8              -8.09558357e-18      7.04819076                 -1.85288457e-22      4.36024063e-17           X  2.72256210e-12     -84.4260246                  7.65822931e-86     
 153. 0.0                 1.427974581878719   8.09586921e-6               0.0                 8.95285962e-8               4.52569704e-18      7.04819076                  3.70576914e-22      4.36024063e-17           X  2.67901152e-12     -84.8608193                  2.81406220e-86     
 154. 0.0                 1.4210269326302767  8.03137046e-6               0.0                 8.95285961e-8              -8.35474918e-18      7.04819076                 -1.85288457e-22      4.36024063e-17           X  2.63649488e-12     -85.2956140                  1.03404400e-86     
 155. 0.0                 1.4141339761092002  7.96788726e-6               0.0                 8.95285962e-8               3.32966005e-18      7.04819076                  1.72053567e-22      4.36024063e-17           X  2.59497977e-12     -85.7304087                  3.79965657e-87     
 156. 0.0                 1.407294861359304   7.90539588e-6               0.0                 8.95285962e-8               7.30437539e-18      7.04819076                  1.85288457e-22      4.36024063e-17           X  2.55443503e-12     -86.1652033                  1.39620655e-87     
 157. 0.0                 1.400508757078166   7.84387332e-6               0.0                 8.95285962e-8               7.30437539e-18      7.04819076                 -1.85288457e-22      4.36024063e-17           X  2.51483072e-12     -86.5999980                  5.13044454e-88     
 158. 0.0                 1.3937748510177321  7.78329727e-6               0.0                 8.95285961e-8              -5.48850880e-20      7.04819076                  3.70576914e-22      4.36024063e-17           X  2.47613803e-12     -87.0347927                  1.88521256e-88     
 159. 0.0                 1.3870923494075607  7.72364612e-6               0.0                 8.95285961e-8              -5.48850880e-20      7.04819076                  0.0                 4.36024063e-17           X  2.43832926e-12     -87.4695874                  6.92732638e-89     
 160. 0.0                 1.3804604763996924  7.66489889e-6               0.0                 8.95285961e-8              -5.48850880e-20      7.04819076                  0.0                 4.36024063e-17           X  2.40137772e-12     -87.9043820                  2.54548754e-89     
 161. 0.0                 1.373878473534178   7.60703526e-6               0.0                 8.95285961e-8              -9.26442286e-23      7.04819076                 -1.85288457e-22      4.36024063e-17           X  2.36525775e-12     -88.3391767                  9.35354634e-90     
 162. 0.0                 1.367345599224349   7.55003547e-6               0.0                 8.95285961e-8              -9.26442286e-23      7.04819076                  1.85288457e-22      4.36024063e-17           X  2.32994462e-12     -88.7739714                  3.43701659e-90     
 163. 0.0                 1.3608611282609684  7.49388038e-6               0.0                 8.95285961e-8               0.0                 7.04819076                 -1.85288457e-22      4.36024063e-17           X  2.29541454e-12     -89.2087661                  1.26295232e-90     
 164. 0.0                 1.3544243513344307  7.43855139e-6               0.0                 8.95285962e-8               5.83900839e-18      7.04819076                  3.70576914e-22      4.36024063e-17           X  2.26164456e-12     -89.6435607                  4.64079389e-91     
 165. 0.0                 1.3480345745742368  7.38403046e-6               0.0                 8.95285961e-8              -2.10616066e-18      7.04819076                 -1.85288457e-22      4.36024063e-17           X  2.22861256e-12     -90.0783554                  1.70528749e-91     
 166. 0.0                 1.3416911191049945  7.33030005e-6               0.0                 8.95285961e-8              -7.51162053e-18      7.04819076                  3.70576914e-22      4.36024063e-17           X  2.19629726e-12     -90.5131501                  6.26618097e-92     
 167. 0.0                 1.335393320618243   7.27734313e-6               0.0                 8.95285961e-8              -7.51162053e-18      7.04819076                  0.0                 4.36024063e-17           X  2.16467809e-12     -90.9479448                  2.30254570e-92     
 168. 0.0                 1.3291405289594276  7.22514316e-6               0.0                 8.95285962e-8               2.49673549e-18      7.04819076                  0.0                 4.36024063e-17           X  2.13373524e-12     -91.3827394                  8.46084202e-93     
 169. 0.0                 1.32293210772939    7.17368406e-6               0.0                 8.95285962e-8               2.49673549e-18      7.04819076                  0.0                 4.36024063e-17           X  2.10344959e-12     -91.8175341                  3.10898704e-93     
 170. 0.0                 1.3167674338997628  7.12295022e-6               0.0                 8.95285962e-8               7.12954249e-18      7.04819076                  0.0                 4.36024063e-17           X  2.07380269e-12     -92.2523288                  1.14241590e-93     
 171. 0.0                 1.3106458974416932  7.07292643e-6               0.0                 8.95285962e-8               7.12954249e-18      7.04819076                  0.0                 4.36024063e-17           X  2.04477675e-12     -92.6871234                  4.19787560e-94     
 172. 0.0                 1.3045669009673482  7.02359794e-6               0.0                 8.95285961e-8              -1.44808223e-18      7.04819076                  0.0                 4.36024063e-17           X  2.01635456e-12     -93.1219181                  1.54253452e-94     
 173. 0.0                 1.298529859383672   6.97495037e-6               0.0                 8.95285961e-8              -1.44808223e-18      7.04819076                  0.0                 4.36024063e-17           X  1.98851952e-12     -93.5567128                  5.66813541e-95     
 174. 0.0                 1.2925341995579032  6.92696976e-6               0.0                 8.95285962e-8               2.52227883e-18      7.04819076                  0.0                 4.36024063e-17           X  1.96125561e-12     -93.9915075                  2.08279028e-95     
 175. 0.0                 1.2865793599943705  6.87964252e-6               0.0                 8.95285962e-8               2.52227883e-18      7.04819076                  0.0                 4.36024063e-17           X  1.93454733e-12     -94.4263021                  7.65333757e-96     
 176. 0.0                 1.2806647905221207  6.83295542e-6               0.0                 8.95285961e-8              -4.82901424e-18      7.04819076                  0.0                 4.36024063e-17           X  1.90837971e-12     -94.8610968                  2.81226470e-96     
 177. 0.0                 1.2747899519929395  6.78689559e-6               0.0                 8.95285961e-8              -4.82901424e-18      7.04819076                  0.0                 4.36024063e-17           X  1.88273828e-12     -95.2958915                  1.03338350e-96     
 178. 0.0                 1.2689543159893601  6.74145050e-6               0.0                 8.95285962e-8               8.78209054e-18      7.04819076                  0.0                 4.36024063e-17           X  1.85760904e-12     -95.7306862                  3.79722952e-97     
 179. 0.0                 1.2631573645422607  6.69660795e-6               0.0                 8.95285961e-8               1.53524722e-21      7.04819076                 -1.85288457e-22      4.36024063e-17           X  1.83297847e-12     -96.1654808                  1.39531471e-97     
 180. 0.0                 1.2573985898576812  6.65235607e-6               0.0                 8.95285962e-8               1.26021827e-17      7.04819076                  1.85288457e-22      4.36024063e-17           X  1.80883349e-12     -96.6002755                  5.12716744e-98     
 181. 0.0                 1.2516774940524946  6.60868328e-6               0.0                 8.95285961e-8               2.15728704e-21      7.04819076                 -1.85288457e-22      4.36024063e-17           X  1.78516143e-12     -97.0350702                  1.88400836e-98     
 182. 0.0                 1.2459935888985985  6.56557832e-6               0.0                 8.95285961e-8              -5.83045865e-18      7.04819076                  3.70576914e-22      4.36024063e-17           X  1.76195004e-12     -97.4698649                  6.92290151e-99     
 183. 0.0                 1.240346395575292   6.52303021e-6               0.0                 8.95285961e-8              -9.92616735e-22      7.04819076                 -1.85288457e-22      4.36024063e-17           X  1.73918746e-12     -97.9046595                  2.54386160e-99     
 184. 0.0                 1.2347354444295338  6.48102824e-6               0.0                 8.95285962e-8               5.39863066e-18      7.04819076                  1.85288457e-22      4.36024063e-17           X  1.71686222e-12     -98.3394542                  9.34757171e-100    
 185. 0.0                 1.2291602747437749  6.43956200e-6               0.0                 8.95285961e-8              -1.94863900e-18      7.04819076                 -1.85288457e-22      4.36024063e-17           X  1.69496320e-12     -98.7742489                  3.43482117e-100    
 186. 0.0                 1.2236204345110868  6.39862133e-6               0.0                 8.95285962e-8               3.05013917e-18      7.04819076                  3.57342025e-22      4.36024063e-17           X  1.67347965e-12     -99.2090436                  1.26214560e-100    
 187. 0.0                 1.2181154802173113  6.35819630e-6               0.0                 8.95285962e-8               9.85187991e-18      7.04819076                  0.0                 4.36024063e-17           X  1.65240112e-12     -99.6438382                  4.63782956e-101    
 188. 0.0                 1.2126449766299663  6.31827727e-6               0.0                 8.95285961e-8               5.96615597e-19      7.04819076                  0.0                 4.36024063e-17           X  1.63171752e-12     -1.00078633e2                1.70419823e-101    
 189. 0.0                 1.2072084965936642  6.27885480e-6               0.0                 8.95285961e-8               5.96615597e-19      7.04819076                  0.0                 4.36024063e-17           X  1.61141906e-12     -1.00513428e2                6.26217841e-102    
 190. 0.0                 1.2018056208317989  6.23991972e-6               0.0                 8.95285962e-8               4.88073619e-18      7.04819076                  0.0                 4.36024063e-17           X  1.59149625e-12     -1.00948222e2                2.30107494e-102    
 191. 0.0                 1.1964359377542737  6.20146305e-6               0.0                 8.95285961e-8              -9.48676901e-19      7.04819076                 -1.85288457e-22      4.36024063e-17           X  1.57193990e-12     -1.01383017e2                8.45543760e-103    
 192. 0.0                 1.1910990432710538  6.16347606e-6               0.0                 8.95285961e-8              -4.91478956e-18      7.04819076                  3.70576914e-22      4.36024063e-17           X  1.55274108e-12     -1.01817812e2                3.10700116e-103    
 193. 0.0                 1.1857945406113282  6.12595020e-6               0.0                 8.95285962e-8               5.87855424e-18      7.04819076                  0.0                 4.36024063e-17           X  1.53389115e-12     -1.02252606e2                1.14168617e-103    
 194. 0.0                 1.1805220401480834  6.08887715e-6               0.0                 8.95285961e-8              -1.46469202e-18      7.04819076                  0.0                 4.36024063e-17           X  1.51538171e-12     -1.02687401e2                4.19519418e-104    
 195. 0.0                 1.1752811592278956  6.05224878e-6               0.0                 8.95285962e-8               3.53128036e-18      7.04819076                  0.0                 4.36024063e-17           X  1.49720462e-12     -1.03122196e2                1.54154921e-104    
 196. 0.0                 1.1700715220057543  6.01605714e-6               0.0                 8.95285962e-8               3.53128036e-18      7.04819076                  0.0                 4.36024063e-17           X  1.47935200e-12     -1.03556990e2                5.66451485e-105    
 197. 0.0                 1.164892759284743   5.98029450e-6               0.0                 8.95285962e-8               8.15646406e-18      7.04819076                  0.0                 4.36024063e-17           X  1.46181616e-12     -1.03991785e2                2.08145989e-105    
 198. 0.0                 1.159744508360404   5.94495328e-6               0.0                 8.95285962e-8               8.15646406e-18      7.04819076                  0.0                 4.36024063e-17           X  1.44458968e-12     -1.04426580e2                7.64844895e-106    
 199. 0.0                 1.1546264128696269  5.91002609e-6               0.0                 8.95285961e-8               1.34995876e-21      7.04819076                 -1.85288457e-22      4.36024063e-17           X  1.42766533e-12     -1.04861374e2                2.81046835e-106    
 200. 0.0                 1.1495381226439014  5.87550571e-6               0.0                 8.95285962e-8               5.82757344e-18      7.04819076                  3.70576914e-22      4.36024063e-17           X  1.41103609e-12     -1.05296169e2                1.03272342e-106    
 201. 0.0                 1.144479293566786   5.84138510e-6               0.0                 8.95285961e-8              -2.10020496e-18      7.04819076                 -1.85288457e-22      4.36024063e-17           X  1.39469516e-12     -1.05730964e2                3.79480401e-107    
 202. 0.0                 1.1394495874354482  5.80765735e-6               0.0                 8.95285961e-8              -2.10020496e-18      7.04819076                  1.85288457e-22      4.36024063e-17           X  1.37863591e-12     -1.06165758e2                1.39442345e-107    
 203. 0.0                 1.134448671826136   5.77431574e-6               0.0                 8.95285961e-8              -9.43934840e-18      7.04819076                  0.0                 4.36024063e-17           X  1.36285192e-12     -1.06600553e2                5.12389243e-108    
 204. 0.0                 1.1294762199634498  5.74135368e-6               0.0                 8.95285961e-8              -4.44611564e-18      7.04819076                  0.0                 4.36024063e-17           X  1.34733695e-12     -1.07035348e2                1.88280494e-108    
 205. 0.0                 1.1245319105932847  5.70876475e-6               0.0                 8.95285962e-8               2.34825326e-18      7.04819076                 -1.85288457e-22      4.36024063e-17           X  1.33208492e-12     -1.07470142e2                6.91847946e-109    
 206. 0.0                 1.1196154278593218  5.67654265e-6               0.0                 8.95285962e-8               6.97081646e-18      7.04819076                  3.70576914e-22      4.36024063e-17           X  1.31708993e-12     -1.07904937e2                2.54223669e-109    
 207. 0.0                 1.1147264611829502  5.64468124e-6               0.0                 8.95285962e-8               6.97081646e-18      7.04819076                  0.0                 4.36024063e-17           X  1.30234624e-12     -1.08339732e2                9.34160089e-110    
 208. 0.0                 1.109864705146504   5.61317451e-6               0.0                 8.95285962e-8               2.69138102e-18      7.04819076                  0.0                 4.36024063e-17           X  1.28784829e-12     -1.08774526e2                3.43262716e-110    
 209. 0.0                 1.1050298593797099  5.58201657e-6               0.0                 8.95285961e-8              -3.13165286e-18      7.04819076                 -1.72053567e-22      4.36024063e-17           X  1.27359064e-12     -1.09209321e2                1.26133940e-110    
 210. 0.0                 1.100221628449233   5.55120168e-6               0.0                 8.95285961e-8              -5.29395592e-22      7.04819076                 -1.85288457e-22      4.36024063e-17           X  1.25956803e-12     -1.09644116e2                4.63486711e-111    
 211. 0.0                 1.0954397217512286  5.52072421e-6               0.0                 8.95285961e-8              -5.29395592e-22      7.04819076                  1.85288457e-22      4.36024063e-17           X  1.24577532e-12     -1.10078910e2                1.70310966e-111    
 212. 0.0                 1.0906838534067944  5.49057866e-6               0.0                 8.95285961e-8               0.0                 7.04819076                 -1.85288457e-22      4.36024063e-17           X  1.23220752e-12     -1.10513705e2                6.25817840e-112    
 213. 0.0                 1.0859537421602357  5.46075966e-6               0.0                 8.95285961e-8              -4.99049313e-18      7.04819076                  1.85288457e-22      4.36024063e-17           X  1.21885977e-12     -1.10948500e2                2.29960511e-112    
 214. 0.0                 1.081249111280049   5.43126192e-6               0.0                 8.95285962e-8               8.59081991e-18      7.04819076                 -1.85288457e-22      4.36024063e-17           X  1.20572735e-12     -1.11383294e2                8.45003664e-113    
 215. 0.0                 1.0765696884625413  5.40208030e-6               0.0                 8.95285961e-8              -9.88940083e-18      7.04819076                  3.57342025e-22      4.36024063e-17           X  1.19280565e-12     -1.11818089e2                3.10501654e-113    
 216. 0.0                 1.0719152057379981  5.37320975e-6               0.0                 8.95285961e-8              -9.88940083e-18      7.04819076                  0.0                 4.36024063e-17           X  1.18009021e-12     -1.12252884e2                1.14095691e-113    
 217. 0.0                 1.0672853993793219  5.34464533e-6               0.0                 8.95285962e-8               2.94183807e-18      7.04819076                  0.0                 4.36024063e-17           X  1.16757665e-12     -1.12687678e2                4.19251447e-114    
 218. 0.0                 1.0626800098130622  5.31638221e-6               0.0                 8.95285962e-8               2.94183807e-18      7.04819076                  0.0                 4.36024063e-17           X  1.15526073e-12     -1.13122473e2                1.54056454e-114    
 219. 0.0                 1.0580987815327636  5.28841565e-6               0.0                 8.95285962e-8               2.94183807e-18      7.04819076                  0.0                 4.36024063e-17           X  1.14313832e-12     -1.13557268e2                5.66089661e-115    
 220. 0.0                 1.0535414630145592  5.26074102e-6               0.0                 8.95285962e-8               2.94183807e-18      7.04819076                  0.0                 4.36024063e-17           X  1.13120538e-12     -1.13992062e2                2.08013034e-115    
 221. 0.0                 1.0490078066349395  5.23335378e-6               0.0                 8.95285961e-8               4.49986253e-22      7.04819076                 -1.85288457e-22      4.36024063e-17           X  1.11945801e-12     -1.14426857e2                7.64356346e-116    
 222. 0.0                 1.0444975685906315  5.20624948e-6               0.0                 8.95285961e-8               4.49986253e-22      7.04819076                  1.85288457e-22      4.36024063e-17           X  1.10789236e-12     -1.14861652e2                2.80867314e-116    
 223. 0.0                 1.0400105088205207  5.17942377e-6               0.0                 8.95285962e-8               6.78738089e-18      7.04819076                  0.0                 4.36024063e-17           X  1.09650473e-12     -1.15296446e2                1.03206376e-116    
 224. 0.0                 1.0355463909295584  5.15287238e-6               0.0                 8.95285962e-8               2.16987342e-18      7.04819076                 -1.85288457e-22      4.36024063e-17           X  1.08529147e-12     -1.15731241e2                3.79238006e-117    
 225. 0.0                 1.0311049821145877  5.12659114e-6               0.0                 8.95285961e-8              -4.11321846e-18      7.04819076                  1.85288457e-22      4.36024063e-17           X  1.07424906e-12     -1.16166036e2                1.39353275e-117    
 226. 0.0                 1.026686053092037   5.10057594e-6               0.0                 8.95285961e-8               1.61518595e-19      7.04819076                 -1.85288457e-22      4.36024063e-17           X  1.06337404e-12     -1.16600831e2                5.12061951e-118    
 227. 0.0                 1.0222893780274203  5.07482277e-6               0.0                 8.95285961e-8              -5.65513606e-18      7.04819076                  3.70576914e-22      4.36024063e-17           X  1.05266305e-12     -1.17035625e2                1.88160229e-118    
 228. 0.0                 1.0179147344665924  5.04932771e-6               0.0                 8.95285962e-8               2.25961921e-18      7.04819076                 -1.85288457e-22      4.36024063e-17           X  1.04211281e-12     -1.17470420e2                6.91406024e-119    
 229. 0.0                 1.0135619032687069  5.02408690e-6               0.0                 8.95285961e-8              -3.12523394e-18      7.04819076                  1.72053567e-22      4.36024063e-17           X  1.03172013e-12     -1.17905215e2                2.54061282e-119    
 230. 0.0                 1.0092306685408259  4.99909656e-6               0.0                 8.95285961e-8              -3.12523394e-18      7.04819076                  1.72053567e-22      4.36024063e-17           X  1.02148188e-12     -1.18340009e2                9.33563388e-120    
 231. 0.0                 1.0049208175741333  4.97435298e-6               0.0                 8.95285962e-8               1.85988583e-18      7.04819076                  3.70576914e-22      4.36024063e-17           X  1.01139504e-12     -1.18774804e2                3.43043455e-120    
 232. 0.0                 1.0006321407817058  4.94985254e-6               0.0                 8.95285961e-8              -4.92341871e-18      7.04819076                  0.0                 4.36024063e-17           X  1.00145662e-12     -1.19209599e2                1.26053371e-120    
 233. 0.0                 0.9963644316377934  4.92559168e-6               0.0                 8.95285961e-8              -3.08346463e-19      7.04819076                  0.0                 4.36024063e-17           X  9.91663735e-13     -1.19644393e2                4.63190656e-121    
 234. 0.0                 0.9921174866185686  4.90156690e-6               0.0                 8.95285962e-8               5.97130435e-18      7.04819076                  0.0                 4.36024063e-17           X  9.82013564e-13     -1.20079188e2                1.70202179e-121    
 235. 0.0                 0.9878911051443008  4.87777478e-6               0.0                 8.95285962e-8               1.69889663e-18      7.04819076                  0.0                 4.36024063e-17           X  9.72503348e-13     -1.20513983e2                6.25418095e-122    
 236. 0.0                 0.9836850895229147  4.85421196e-6               0.0                 8.95285962e-8               1.69889663e-18      7.04819076                  0.0                 4.36024063e-17           X  9.63130397e-13     -1.20948777e2                2.29813623e-122    
 237. 0.0                 0.9794992448948936  4.83087515e-6               0.0                 8.95285961e-8               2.77932686e-22      7.04819076                 -1.85288457e-22      4.36024063e-17           X  9.53892084e-13     -1.21383572e2                8.44463912e-123    
 238. 0.0                 0.9753333791794894  4.80776111e-6               0.0                 8.95285961e-8              -5.38154442e-18      7.04819076                  3.70576914e-22      4.36024063e-17           X  9.44785848e-13     -1.21818367e2                3.10303319e-123    
 239. 0.0                 0.9711873030222012  4.78486669e-6               0.0                 8.95285962e-8               9.26478020e-18      7.04819076                  0.0                 4.36024063e-17           X  9.35809184e-13     -1.22253161e2                1.14022812e-123    
 240. 0.0                 0.9670608297434893  4.76218876e-6               0.0                 8.95285962e-8               4.28240006e-18      7.04819076                 -1.85288457e-22      4.36024063e-17           X  9.26959650e-13     -1.22687956e2                4.18983648e-124    
 241. 0.0                 0.9629537752886873  4.73972428e-6               0.0                 8.95285961e-8              -2.49710607e-18      7.04819076                  3.57342025e-22      4.36024063e-17           X  9.18234858e-13     -1.23122751e2                1.53958049e-124    
 242. 0.0                 0.9588659581790796  4.71747025e-6               0.0                 8.95285962e-8               2.11533244e-18      7.04819076                 -1.85288457e-22      4.36024063e-17           X  9.09632478e-13     -1.23557545e2                5.65728068e-125    
 243. 0.0                 0.9547971994641138  4.69542373e-6               0.0                 8.95285962e-8               8.39154217e-18      7.04819076                  1.85288457e-22      4.36024063e-17           X  9.01150233e-13     -1.23992340e2                2.07880165e-125    
 244. 0.0                 0.9507473226747133  4.67358184e-6               0.0                 8.95285961e-8              -1.48468994e-19      7.04819076                  0.0                 4.36024063e-17           X  8.92785900e-13     -1.24427135e2                7.63868108e-126    
 245. 0.0                 0.9467161537776629  4.65194175e-6               0.0                 8.95285961e-8              -5.95885031e-18      7.04819076                  0.0                 4.36024063e-17           X  8.84537305e-13     -1.24861929e2                2.80687909e-126    
 246. 0.0                 0.9427035211310366  4.63050067e-6               0.0                 8.95285962e-8               1.94734198e-18      7.04819076                  0.0                 4.36024063e-17           X  8.76402325e-13     -1.25296724e2                1.03140452e-126    
 247. 0.0                 0.9387092554406384  4.60925588e-6               0.0                 8.95285961e-8              -3.43162164e-18      7.04819076                  0.0                 4.36024063e-17           X  8.68378886e-13     -1.25731519e2                3.78995765e-127    
 248. 0.0                 0.9347331897174301  4.58820470e-6               0.0                 8.95285961e-8              -1.07507672e-17      7.04819076                  0.0                 4.36024063e-17           X  8.60464960e-13     -1.26166313e2                1.39264262e-127    
 249. 0.0                 0.9307751592359194  4.56734450e-6               0.0                 8.95285962e-8               4.18803529e-18      7.04819076                 -1.85288457e-22      4.36024063e-17           X  8.52658566e-13     -1.26601108e2                5.11734868e-128    
 250. 0.0                 0.9268350014934803  4.54667269e-6               0.0                 8.95285961e-8              -2.58775183e-18      7.04819076                  3.57342025e-22      4.36024063e-17           X  8.44957765e-13     -1.27035903e2                1.88040040e-128    
 251. 0.0                 0.9229125561705847  4.52618675e-6               0.0                 8.95285961e-8              -7.19767570e-18      7.04819076                 -1.85288457e-22      4.36024063e-17           X  8.37360665e-13     -1.27470697e2                6.90964384e-129    
 252. 0.0                 0.9190076650919154  4.50588417e-6               0.0                 8.95285962e-8               5.34787486e-18      7.04819076                  1.85288457e-22      4.36024063e-17           X  8.29865414e-13     -1.27905492e2                2.53898999e-129    
 253. 0.0                 0.9151201721883443  4.48576251e-6               0.0                 8.95285961e-8               1.08015230e-18      7.04819076                 -1.85288457e-22      4.36024063e-17           X  8.22470201e-13     -1.28340287e2                9.32967069e-130    
 254. 0.0                 0.9112499234597448  4.46581936e-6               0.0                 8.95285961e-8              -4.72696001e-18      7.04819076                  3.70576914e-22      4.36024063e-17           X  8.15173257e-13     -1.28775081e2                3.42824334e-130    
 255. 0.0                 0.9073967669386238  4.44605237e-6               0.0                 8.95285961e-8              -4.72696001e-18      7.04819076                  0.0                 4.36024063e-17           X  8.07972849e-13     -1.29209876e2                1.25972853e-130    
 256. 0.0                 0.9035605526545464  4.42645921e-6               0.0                 8.95285961e-8               6.49052231e-19      7.04819076                  0.0                 4.36024063e-17           X  8.00867284e-13     -1.29644671e2                4.62894790e-131    
 257. 0.0                 0.8997411325993363  4.40703761e-6               0.0                 8.95285961e-8               6.49052231e-19      7.04819076                  0.0                 4.36024063e-17           X  7.93854905e-13     -1.30079465e2                1.70093461e-131    
 258. 0.0                 0.8959383606930295  4.38778532e-6               0.0                 8.95285961e-8               9.26442286e-23      7.04819076                 -1.85288457e-22      4.36024063e-17           X  7.86934092e-13     -1.30514260e2                6.25018605e-132    
 259. 0.0                 0.8921520927505624  4.36870014e-6               0.0                 8.95285961e-8               9.26442286e-23      7.04819076                  1.85288457e-22      4.36024063e-17           X  7.80103260e-13     -1.30949055e2                2.29666828e-132    
 260. 0.0                 0.8883821864491759  4.34977991e-6               0.0                 8.95285961e-8              -4.60730337e-18      7.04819076                  0.0                 4.36024063e-17           X  7.73360856e-13     -1.31383849e2                8.43924506e-133    
 261. 0.0                 0.8846285012965166  4.33102251e-6               0.0                 8.95285962e-8               1.66203746e-18      7.04819076                  0.0                 4.36024063e-17           X  7.66705363e-13     -1.31818644e2                3.10105111e-133    
 262. 0.0                 0.8808908985994178  4.31242584e-6               0.0                 8.95285961e-8               2.77932686e-22      7.04819076                 -1.85288457e-22      4.36024063e-17           X  7.60135295e-13     -1.32253439e2                1.13949979e-133    
 263. 0.0                 0.8771692414333424  4.29398785e-6               0.0                 8.95285961e-8              -5.80364476e-18      7.04819076                  3.70576914e-22      4.36024063e-17           X  7.53649198e-13     -1.32688233e2                4.18716019e-134    
 264. 0.0                 0.8734633946124706  4.27570652e-6               0.0                 8.95285962e-8               2.09378604e-18      7.04819076                 -1.85288457e-22      4.36024063e-17           X  7.47245648e-13     -1.33123028e2                1.53859708e-134    
 265. 0.0                 0.8697732246604178  4.25757986e-6               0.0                 8.95285961e-8               3.57342025e-22      7.04819076                  1.85288457e-22      4.36024063e-17           X  7.40923253e-13     -1.33557823e2                5.65366705e-135    
 266. 0.0                 0.8660985997815656  4.23960592e-6               0.0                 8.95285961e-8               3.57342025e-22      7.04819076                 -1.85288457e-22      4.36024063e-17           X  7.34680647e-13     -1.33992617e2                2.07747380e-135    
 267. 0.0                 0.8624393898329902  4.22178279e-6               0.0                 8.95285962e-8               4.97457156e-18      7.04819076                  3.70576914e-22      4.36024063e-17           X  7.28516496e-13     -1.34427412e2                7.63380183e-136    
 268. 0.0                 0.8587954662969742  4.20410857e-6               0.0                 8.95285961e-8              -1.79389667e-18      7.04819076                  0.0                 4.36024063e-17           X  7.22429491e-13     -1.34862207e2                2.80508617e-136    
 269. 0.0                 0.8551667022540878  4.18658142e-6               0.0                 8.95285961e-8              -1.79389667e-18      7.04819076                  0.0                 4.36024063e-17           X  7.16418352e-13     -1.35297001e2                1.03074571e-136    
 270. 0.0                 0.8515529723568224  4.16919949e-6               0.0                 8.95285961e-8              -8.05979643e-18      7.04819076                  0.0                 4.36024063e-17           X  7.10481825e-13     -1.35731796e2                3.78753679e-137    
 271. 0.0                 0.8479541528037682  4.15196101e-6               0.0                 8.95285961e-8               4.66291637e-19      7.04819076                  0.0                 4.36024063e-17           X  7.04618681e-13     -1.36166591e2                1.39175306e-137    
 272. 0.0                 0.8443701213143173  4.13486420e-6               0.0                 8.95285961e-8              -5.33436204e-18      7.04819076                  0.0                 4.36024063e-17           X  6.98827716e-13     -1.36601386e2                5.11407994e-138    
 273. 0.0                 0.8408007571038821  4.11790733e-6               0.0                 8.95285961e-8              -9.92616735e-22      7.04819076                 -1.85288457e-22      4.36024063e-17           X  6.93107753e-13     -1.37036180e2                1.87919929e-138    
 274. 0.0                 0.8372459408596158  4.10108868e-6               0.0                 8.95285961e-8              -9.92616735e-22      7.04819076                  1.85288457e-22      4.36024063e-17           X  6.87457637e-13     -1.37470975e2                6.90523026e-139    
 275. 0.0                 0.8337055547166241  4.08440658e-6               0.0                 8.95285961e-8              -9.92616735e-22      7.04819076                 -1.85288457e-22      4.36024063e-17           X  6.81876235e-13     -1.37905770e2                2.53736819e-139    
 276. 0.0                 0.8301794822346542  4.06785938e-6               0.0                 8.95285961e-8              -4.97238780e-18      7.04819076                  1.85288457e-22      4.36024063e-17           X  6.76362440e-13     -1.38340564e2                9.32371130e-140    
 277. 0.0                 0.8266676083752506  4.05144543e-6               0.0                 8.95285962e-8               1.53215952e-17      7.04819076                  0.0                 4.36024063e-17           X  6.70915165e-13     -1.38775359e2                3.42605353e-140    
 278. 0.0                 0.8231698194793671  4.03516316e-6               0.0                 8.95285961e-8              -3.08789831e-18      7.04819076                 -1.72053567e-22      4.36024063e-17           X  6.65533345e-13     -1.39210154e2                1.25892388e-140    
 279. 0.0                 0.8196860032454231  4.01901097e-6               0.0                 8.95285961e-8              -9.35035700e-18      7.04819076                 -1.72053567e-22      4.36024063e-17           X  6.60215936e-13     -1.39644948e2                4.62599113e-141    
 280. 0.0                 0.8162160487077952  4.00298732e-6               0.0                 8.95285961e-8              -1.62789145e-21      7.04819076                 -1.85288457e-22      4.36024063e-17           X  6.54961917e-13     -1.40079743e2                1.69984813e-141    
 281. 0.0                 0.8127598462157312  3.98709068e-6               0.0                 8.95285961e-8              -1.62789145e-21      7.04819076                  1.85288457e-22      4.36024063e-17           X  6.49770285e-13     -1.40514538e2                6.24619371e-142    
 282. 0.0                 0.8093172874126789  3.97131955e-6               0.0                 8.95285962e-8               3.94281926e-18      7.04819076                  0.0                 4.36024063e-17           X  6.44640055e-13     -1.40949332e2                2.29520127e-142    
 283. 0.0                 0.8058882652160206  3.95567245e-6               0.0                 8.95285961e-8              -6.79156311e-18      7.04819076                  0.0                 4.36024063e-17           X  6.39570266e-13     -1.41384127e2                8.43385444e-143    
 284. 0.0                 0.8024726737971988  3.94014792e-6               0.0                 8.95285961e-8               5.11568195e-19      7.04819076                  0.0                 4.36024063e-17           X  6.34559973e-13     -1.41818922e2                3.09907029e-143    
 285. 0.0                 0.7990704085622318  3.92474454e-6               0.0                 8.95285961e-8              -4.45710060e-18      7.04819076                  0.0                 4.36024063e-17           X  6.29608248e-13     -1.42253716e2                1.13877193e-143    
 286. 0.0                 0.795681366132603   3.90946089e-6               0.0                 8.95285962e-8               2.30386344e-18      7.04819076                 -1.85288457e-22      4.36024063e-17           X  6.24714183e-13     -1.42688511e2                4.18448562e-144    
 287. 0.0                 0.79230544432652    3.89429558e-6               0.0                 8.95285962e-8               2.30386344e-18      7.04819076                  1.85288457e-22      4.36024063e-17           X  6.19876888e-13     -1.43123306e2                1.53761429e-144    
 288. 0.0                 0.7889425421405318  3.87924725e-6               0.0                 8.95285962e-8               2.30386344e-18      7.04819076                 -1.85288457e-22      4.36024063e-17           X  6.15095489e-13     -1.43558100e2                5.65005574e-145    
 289. 0.0                 0.7855925597314986  3.86431454e-6               0.0                 8.95285962e-8               6.56214953e-18      7.04819076                  3.70576914e-22      4.36024063e-17           X  6.10369129e-13     -1.43992895e2                2.07614680e-145    
 290. 0.0                 0.7822553983989035  3.84949614e-6               0.0                 8.95285961e-8              -5.02654497e-18      7.04819076                 -1.85288457e-22      4.36024063e-17           X  6.05696966e-13     -1.44427690e2                7.62892569e-146    
 291. 0.0                 0.7789309605675021  3.83479074e-6               0.0                 8.95285962e-8               2.85791563e-18      7.04819076                  3.57342025e-22      4.36024063e-17           X  6.01078177e-13     -1.44862484e2                2.80329441e-146    
 292. 0.0                 0.7756191497702969  3.82019705e-6               0.0                 8.95285962e-8               2.85791563e-18      7.04819076                  0.0                 4.36024063e-17           X  5.96511952e-13     -1.45297279e2                1.03008731e-146    
 293. 0.0                 0.7723198706318347  3.80571380e-6               0.0                 8.95285961e-8              -4.44121874e-18      7.04819076                  0.0                 4.36024063e-17           X  5.91997497e-13     -1.45732074e2                3.78511748e-147    
 294. 0.0                 0.7690330288518152  3.79133975e-6               0.0                 8.95285962e-8               5.49077197e-18      7.04819076                 -1.85288457e-22      4.36024063e-17           X  5.87534034e-13     -1.46166868e2                1.39086407e-147    
 295. 0.0                 0.7657585311890079  3.77707366e-6               0.0                 8.95285961e-8              -1.26648631e-18      7.04819076                  3.70576914e-22      4.36024063e-17           X  5.83120798e-13     -1.46601663e2                5.11081329e-148    
 296. 0.0                 0.7624962854454672  3.76291434e-6               0.0                 8.95285961e-8              -5.86388998e-18      7.04819076                  0.0                 4.36024063e-17           X  5.78757038e-13     -1.47036458e2                1.87799894e-148    
 297. 0.0                 0.7592462004510403  3.74886058e-6               0.0                 8.95285961e-8               3.91726268e-19      7.04819076                  0.0                 4.36024063e-17           X  5.74442020e-13     -1.47471252e2                6.90081950e-149    
 298. 0.0                 0.7560081860481612  3.73491122e-6               0.0                 8.95285961e-8               3.91726268e-19      7.04819076                  0.0                 4.36024063e-17           X  5.70175019e-13     -1.47906047e2                2.53574743e-149    
 299. 0.0                 0.7527821530769261  3.72106508e-6               0.0                 8.95285961e-8               9.26442286e-23      7.04819076                 -1.85288457e-22      4.36024063e-17           X  5.65955328e-13     -1.48340842e2                9.31775572e-150    
